1128	HG02508	ACB	0.020263	0.923825	0.050850	0.005052	0.000010
888	HG01985	ACB	0.000010	0.907466	0.092504	0.000010	0.000010
1135	HG02537	ACB	0.000010	0.934061	0.065909	0.000010	0.000010
848	HG01915	ACB	0.000010	0.923249	0.071292	0.001407	0.004042
1138	HG02546	ACB	0.003335	0.928135	0.063320	0.000010	0.005200
922	HG02051	ACB	0.000010	0.975686	0.015820	0.000010	0.008474
1115	HG02481	ACB	0.017789	0.909366	0.072825	0.000010	0.000010
1055	HG02339	ACB	0.003911	0.973492	0.017660	0.002046	0.002891
1050	HG02325	ACB	0.006566	0.961184	0.028457	0.000010	0.003782
840	HG01889	ACB	0.000010	0.979635	0.020335	0.000010	0.000010
836	HG01882	ACB	0.000010	0.961907	0.018324	0.019749	0.000010
1097	HG02427	ACB	0.000010	0.909604	0.084430	0.004805	0.001151
1104	HG02450	ACB	0.000010	0.925518	0.074452	0.000010	0.000010
1052	HG02332	ACB	0.000010	0.906424	0.093546	0.000010	0.000010
953	HG02107	ACB	0.000010	0.962603	0.015613	0.020839	0.000935
838	HG01885	ACB	0.000010	0.939254	0.060716	0.000010	0.000010
902	HG02012	ACB	0.000010	0.920917	0.079053	0.000010	0.000010
1040	HG02307	ACB	0.008557	0.928646	0.050598	0.011308	0.000891
1015	HG02255	ACB	0.000010	0.920426	0.044878	0.034676	0.000010
845	HG01896	ACB	0.002941	0.966996	0.015602	0.014189	0.000272
1102	HG02445	ACB	0.000010	0.812005	0.187965	0.000010	0.000010
923	HG02052	ACB	0.000010	0.968152	0.031818	0.000010	0.000010
844	HG01894	ACB	0.006324	0.924876	0.068780	0.000010	0.000010
1124	HG02497	ACB	0.000010	0.953992	0.045978	0.000010	0.000010
1110	HG02470	ACB	0.000010	0.940629	0.059341	0.000010	0.000010
904	HG02014	ACB	0.000010	0.878273	0.118907	0.002800	0.000010
1044	HG02314	ACB	0.000010	0.924163	0.070905	0.004377	0.000545
1045	HG02315	ACB	0.000010	0.870561	0.128982	0.000010	0.000437
892	HG01990	ACB	0.000010	0.918072	0.080140	0.000010	0.001767
1126	HG02502	ACB	0.001473	0.820472	0.176890	0.000010	0.001155
900	HG02009	ACB	0.000010	0.847403	0.125272	0.019559	0.007756
1042	HG02309	ACB	0.000010	0.901571	0.072139	0.026119	0.000161
903	HG02013	ACB	0.000010	0.968284	0.028324	0.003373	0.000010
841	HG01890	ACB	0.012964	0.859680	0.127335	0.000010	0.000010
839	HG01886	ACB	0.000010	0.876235	0.123735	0.000010	0.000010
1127	HG02505	ACB	0.007166	0.881754	0.111060	0.000010	0.000010
1113	HG02477	ACB	0.000010	0.869019	0.125623	0.000010	0.005338
1114	HG02479	ACB	0.000010	0.906905	0.093065	0.000010	0.000010
1094	HG02419	ACB	0.004193	0.935112	0.053188	0.000010	0.007497
1142	HG02557	ACB	0.000010	0.934934	0.043401	0.016800	0.004854
1100	HG02439	ACB	0.002391	0.941004	0.039447	0.007782	0.009376
1046	HG02317	ACB	0.000010	0.945615	0.045210	0.009155	0.000010
974	HG02144	ACB	0.000010	0.928582	0.071388	0.000010	0.000010
1112	HG02476	ACB	0.002871	0.843549	0.148232	0.000010	0.005338
847	HG01914	ACB	0.003826	0.835735	0.157493	0.001838	0.001109
1111	HG02471	ACB	0.000010	0.924884	0.065799	0.009297	0.000010
1103	HG02449	ACB	0.005721	0.951942	0.042316	0.000010	0.000010
1031	HG02284	ACB	0.000010	0.836981	0.155766	0.007232	0.000010
1116	HG02484	ACB	0.000010	0.893588	0.095716	0.010671	0.000014
901	HG02010	ACB	0.000010	0.832463	0.159492	0.008024	0.000010
834	HG01879	ACB	0.010556	0.839259	0.131965	0.018209	0.000010
1028	HG02281	ACB	0.000010	0.957818	0.040631	0.000010	0.001531
846	HG01912	ACB	0.000010	0.899311	0.100659	0.000010	0.000010
1101	HG02442	ACB	0.000010	0.980448	0.009684	0.009848	0.000010
1047	HG02318	ACB	0.008237	0.948061	0.031526	0.000948	0.011228
1143	HG02558	ACB	0.000010	0.882040	0.108080	0.000010	0.009860
1134	HG02536	ACB	0.000010	0.810590	0.189380	0.000010	0.000010
1041	HG02308	ACB	0.000010	0.886492	0.107739	0.001296	0.004463
1049	HG02323	ACB	0.009042	0.930270	0.060667	0.000010	0.000010
1117	HG02485	ACB	0.000010	0.731187	0.265191	0.003601	0.000010
973	HG02143	ACB	0.005659	0.803932	0.174755	0.012831	0.002822
1053	HG02334	ACB	0.000010	0.759486	0.237507	0.002987	0.000010
1140	HG02554	ACB	0.007458	0.889055	0.099370	0.004107	0.000010
955	HG02111	ACB	0.000010	0.926330	0.070686	0.000010	0.002964
874	HG01958	ACB	0.010808	0.850706	0.123627	0.000010	0.014849
1139	HG02549	ACB	0.000010	0.957845	0.038200	0.000010	0.003934
1137	HG02545	ACB	0.000010	0.918025	0.063718	0.015438	0.002808
1056	HG02343	ACB	0.006809	0.786889	0.203733	0.002559	0.000010
954	HG02108	ACB	0.000010	0.803744	0.176841	0.019395	0.000010
924	HG02053	ACB	0.004939	0.933063	0.055367	0.006621	0.000010
1118	HG02489	ACB	0.001960	0.858197	0.100708	0.031772	0.007362
889	HG01986	ACB	0.000010	0.865186	0.133178	0.000010	0.001616
1098	HG02429	ACB	0.000010	0.907825	0.092145	0.000010	0.000010
1123	HG02496	ACB	0.003062	0.913815	0.077902	0.000010	0.005211
949	HG02095	ACB	0.000010	0.930564	0.069406	0.000010	0.000010
1141	HG02555	ACB	0.013567	0.885873	0.095396	0.003959	0.001205
1151	HG02577	ACB	0.000010	0.777111	0.222859	0.000010	0.000010
873	HG01956	ACB	0.000010	0.925182	0.072224	0.002575	0.000010
925	HG02054	ACB	0.000010	0.864075	0.128407	0.003827	0.003681
837	HG01883	ACB	0.000010	0.860315	0.136612	0.003053	0.000010
1136	HG02541	ACB	0.000822	0.813795	0.177667	0.007706	0.000010
1152	HG02580	ACB	0.012844	0.839655	0.147481	0.000010	0.000010
1129	HG02511	ACB	0.009846	0.934046	0.047993	0.000010	0.008104
1048	HG02322	ACB	0.000010	0.867114	0.123475	0.009390	0.000010
1105	HG02455	ACB	0.005089	0.845476	0.137046	0.010486	0.001903
891	HG01989	ACB	0.008303	0.835329	0.156348	0.000010	0.000010
1029	HG02282	ACB	0.000010	0.796238	0.201113	0.002629	0.000010
1099	HG02433	ACB	0.018992	0.865174	0.099510	0.011885	0.004439
1125	HG02501	ACB	0.004724	0.798723	0.191676	0.004867	0.000010
1054	HG02337	ACB	0.000010	0.874646	0.112309	0.000010	0.013025
1051	HG02330	ACB	0.002410	0.884477	0.098329	0.014774	0.000010
1030	HG02283	ACB	0.000010	0.794462	0.167028	0.034224	0.004276
1016	HG02256	ACB	0.002121	0.773292	0.194791	0.000010	0.029785
1095	HG02420	ACB	0.000010	0.567367	0.432603	0.000010	0.000010
835	HG01880	ACB	0.045660	0.532544	0.065865	0.335279	0.020652
890	HG01988	ACB	0.000010	0.542092	0.455479	0.000010	0.002409
1259	HG02819	GWD	0.000010	0.999960	0.000010	0.000010	0.000010
1108	HG02464	GWD	0.000010	0.994365	0.005605	0.000010	0.000010
1172	HG02623	GWD	0.000387	0.989979	0.005293	0.004331	0.000010
1250	HG02805	GWD	0.000010	0.990691	0.000010	0.009279	0.000010
1173	HG02624	GWD	0.000010	0.988619	0.000356	0.011005	0.000010
1192	HG02666	GWD	0.000010	0.988952	0.003778	0.000010	0.007249
1212	HG02703	GWD	0.000010	0.985412	0.002137	0.011454	0.000987
1160	HG02595	GWD	0.000010	0.991257	0.008713	0.000010	0.000010
1282	HG02895	GWD	0.000010	0.984731	0.010232	0.005017	0.000010
1181	HG02646	GWD	0.009992	0.988051	0.000010	0.000010	0.001937
1272	HG02878	GWD	0.000010	0.983478	0.011129	0.005373	0.000010
1249	HG02804	GWD	0.000010	0.998451	0.001519	0.000010	0.000010
1154	HG02583	GWD	0.000010	0.996323	0.003647	0.000010	0.000010
1278	HG02887	GWD	0.000010	0.990134	0.007134	0.002712	0.000010
1262	HG02837	GWD	0.000010	0.990029	0.006668	0.003283	0.000010
1155	HG02585	GWD	0.000010	0.988221	0.008180	0.000010	0.003580
1228	HG02759	GWD	0.000010	0.985775	0.013631	0.000574	0.000010
1167	HG02611	GWD	0.003633	0.980955	0.000010	0.015392	0.000010
1194	HG02675	GWD	0.000010	0.989288	0.010682	0.000010	0.000010
1153	HG02582	GWD	0.000010	0.981001	0.016139	0.002840	0.000010
1409	HG03258	GWD	0.000010	0.979801	0.015678	0.004501	0.000010
1283	HG02896	GWD	0.000010	0.982032	0.002647	0.010857	0.004454
1303	HG02982	GWD	0.000010	0.977130	0.022840	0.000010	0.000010
1323	HG03048	GWD	0.000010	0.991579	0.008391	0.000010	0.000010
1266	HG02852	GWD	0.000010	0.982962	0.017008	0.000010	0.000010
1175	HG02629	GWD	0.001243	0.980307	0.000010	0.009761	0.008680
1263	HG02839	GWD	0.001784	0.975344	0.022852	0.000010	0.000010
1410	HG03259	GWD	0.000010	0.973101	0.003598	0.018936	0.004355
1148	HG02571	GWD	0.000010	0.980108	0.019795	0.000010	0.000076
1174	HG02628	GWD	0.000010	0.988794	0.006245	0.004941	0.000010
1405	HG03240	GWD	0.000010	0.990287	0.009683	0.000010	0.000010
1280	HG02890	GWD	0.000010	0.973215	0.014088	0.009739	0.002948
1316	HG03025	GWD	0.000010	0.992768	0.004453	0.002759	0.000010
1106	HG02461	GWD	0.007198	0.980052	0.012729	0.000010	0.000010
1156	HG02586	GWD	0.000010	0.975314	0.024656	0.000010	0.000010
1255	HG02813	GWD	0.000010	0.991191	0.008779	0.000010	0.000010
1317	HG03027	GWD	0.002116	0.997854	0.000010	0.000010	0.000010
1157	HG02588	GWD	0.000010	0.985815	0.010245	0.003920	0.000010
1275	HG02882	GWD	0.000010	0.989759	0.009615	0.000010	0.000606
1490	HG03538	GWD	0.000306	0.984399	0.000010	0.015274	0.000010
1274	HG02881	GWD	0.000010	0.999960	0.000010	0.000010	0.000010
1230	HG02763	GWD	0.004481	0.976692	0.009237	0.009580	0.000010
1270	HG02861	GWD	0.000010	0.982526	0.017444	0.000010	0.000010
1214	HG02716	GWD	0.009126	0.989446	0.001408	0.000010	0.000010
1269	HG02860	GWD	0.000010	0.979742	0.015471	0.000010	0.004767
1252	HG02808	GWD	0.003271	0.967458	0.028311	0.000950	0.000010
1304	HG02983	GWD	0.000010	0.976408	0.017500	0.006072	0.000010
1168	HG02613	GWD	0.000010	0.953375	0.031227	0.015378	0.000010
1227	HG02757	GWD	0.000010	0.992835	0.000010	0.007135	0.000010
1226	HG02756	GWD	0.000010	0.982399	0.014472	0.000010	0.003109
1166	HG02610	GWD	0.000010	0.981183	0.018472	0.000325	0.000010
1406	HG03241	GWD	0.000010	0.992725	0.006678	0.000010	0.000576
1232	HG02769	GWD	0.000010	0.987205	0.012765	0.000010	0.000010
1258	HG02817	GWD	0.000010	0.963832	0.036138	0.000010	0.000010
1248	HG02799	GWD	0.000010	0.983156	0.010799	0.006025	0.000010
1233	HG02771	GWD	0.000010	0.998496	0.001474	0.000010	0.000010
1107	HG02462	GWD	0.000010	0.945571	0.054399	0.000010	0.000010
1180	HG02645	GWD	0.000010	0.975355	0.012948	0.011252	0.000434
1231	HG02768	GWD	0.000010	0.989301	0.000010	0.010669	0.000010
1271	HG02870	GWD	0.004316	0.975102	0.003862	0.010927	0.005795
1315	HG03024	GWD	0.007880	0.992090	0.000010	0.000010	0.000010
1251	HG02807	GWD	0.000010	0.966228	0.028363	0.004990	0.000409
1261	HG02836	GWD	0.000010	0.979014	0.000010	0.016928	0.004038
1268	HG02855	GWD	0.000010	0.973830	0.009675	0.007695	0.008790
1281	HG02891	GWD	0.004163	0.979397	0.016421	0.000010	0.000010
1215	HG02721	GWD	0.000010	0.980926	0.002550	0.016504	0.000010
1197	HG02679	GWD	0.000010	0.981785	0.018185	0.000010	0.000010
1407	HG03246	GWD	0.003665	0.970536	0.021917	0.003871	0.000010
1273	HG02879	GWD	0.000010	0.985263	0.013177	0.001541	0.000010
1322	HG03046	GWD	0.000010	0.965833	0.013525	0.020621	0.000010
1109	HG02465	GWD	0.000010	0.985498	0.010849	0.003633	0.000010
1276	HG02884	GWD	0.000010	0.979781	0.014774	0.005424	0.000010
1193	HG02667	GWD	0.009894	0.979321	0.009455	0.000010	0.001319
1324	HG03049	GWD	0.009290	0.979808	0.010179	0.000010	0.000713
1264	HG02840	GWD	0.001826	0.977835	0.014831	0.005497	0.000010
1159	HG02594	GWD	0.000010	0.973890	0.026080	0.000010	0.000010
1260	HG02820	GWD	0.000010	0.987808	0.000058	0.012114	0.000010
1279	HG02888	GWD	0.000010	0.971685	0.028285	0.000010	0.000010
1195	HG02676	GWD	0.001440	0.961566	0.032876	0.004109	0.000010
1211	HG02702	GWD	0.000257	0.959745	0.039978	0.000010	0.000010
1170	HG02620	GWD	0.000010	0.996441	0.002718	0.000010	0.000821
1234	HG02772	GWD	0.005387	0.994005	0.000588	0.000010	0.000010
1267	HG02854	GWD	0.000010	0.991396	0.000010	0.008574	0.000010
1149	HG02573	GWD	0.000010	0.980685	0.019285	0.000010	0.000010
1171	HG02621	GWD	0.002685	0.986576	0.003590	0.000010	0.007138
1257	HG02816	GWD	0.000010	0.983779	0.013275	0.002926	0.000010
1146	HG02568	GWD	0.000624	0.970802	0.023111	0.005453	0.000010
1254	HG02811	GWD	0.000010	0.988156	0.002449	0.009375	0.000010
1321	HG03045	GWD	0.000010	0.977812	0.022158	0.000010	0.000010
1491	HG03539	GWD	0.004981	0.936143	0.058856	0.000010	0.000010
1256	HG02814	GWD	0.004171	0.982186	0.000010	0.013623	0.000010
1176	HG02634	GWD	0.000010	0.967957	0.032013	0.000010	0.000010
1318	HG03028	GWD	0.002555	0.978284	0.007657	0.008616	0.002888
1277	HG02885	GWD	0.000010	0.980802	0.009231	0.009947	0.000010
1247	HG02798	GWD	0.000010	0.986742	0.008280	0.004958	0.000010
1169	HG02614	GWD	0.000010	0.949240	0.050730	0.000010	0.000010
1145	HG02562	GWD	0.000010	0.985684	0.014286	0.000010	0.000010
1213	HG02715	GWD	0.000594	0.985359	0.004774	0.009264	0.000010
1158	HG02589	GWD	0.000010	0.974200	0.024686	0.000010	0.001094
1178	HG02642	GWD	0.000010	0.975138	0.024832	0.000010	0.000010
1229	HG02760	GWD	0.001933	0.982432	0.015615	0.000010	0.000010
1179	HG02643	GWD	0.001932	0.973385	0.021998	0.002675	0.000010
1144	HG02561	GWD	0.000010	0.966049	0.033921	0.000010	0.000010
1147	HG02570	GWD	0.000010	0.989248	0.007563	0.003170	0.000010
1150	HG02574	GWD	0.000010	0.953631	0.046339	0.000010	0.000010
1196	HG02678	GWD	0.000010	0.960168	0.025000	0.014812	0.000010
1319	HG03039	GWD	0.000010	0.989681	0.010289	0.000010	0.000010
1216	HG02722	GWD	0.000010	0.973354	0.020818	0.000010	0.005808
1408	HG03247	GWD	0.000010	0.985733	0.000010	0.000458	0.013789
1253	HG02810	GWD	0.002958	0.923240	0.073781	0.000010	0.000011
1320	HG03040	GWD	0.000010	0.984988	0.014673	0.000010	0.000319
1265	HG02851	GWD	0.000010	0.981078	0.017093	0.000010	0.001809
1177	HG02635	GWD	0.000010	0.973816	0.022920	0.000010	0.003245
1381	HG03163	ESN	0.000010	0.999960	0.000010	0.000010	0.000010
1486	HG03517	ESN	0.000010	0.999960	0.000010	0.000010	0.000010
1423	HG03300	ESN	0.000010	0.999960	0.000010	0.000010	0.000010
1376	HG03139	ESN	0.000010	0.999960	0.000010	0.000010	0.000010
1394	HG03202	ESN	0.000010	0.997544	0.002426	0.000010	0.000010
1430	HG03343	ESN	0.000010	0.999960	0.000010	0.000010	0.000010
1375	HG03136	ESN	0.000010	0.999960	0.000010	0.000010	0.000010
1382	HG03166	ESN	0.000010	0.999960	0.000010	0.000010	0.000010
1388	HG03190	ESN	0.000010	0.999960	0.000010	0.000010	0.000010
1302	HG02981	ESN	0.000010	0.999960	0.000010	0.000010	0.000010
1356	HG03108	ESN	0.000010	0.999960	0.000010	0.000010	0.000010
1384	HG03169	ESN	0.000010	0.999960	0.000010	0.000010	0.000010
1366	HG03123	ESN	0.000010	0.999960	0.000010	0.000010	0.000010
1358	HG03111	ESN	0.000010	0.999960	0.000010	0.000010	0.000010
1352	HG03099	ESN	0.000010	0.999960	0.000010	0.000010	0.000010
1359	HG03112	ESN	0.000010	0.999960	0.000010	0.000010	0.000010
1438	HG03370	ESN	0.000010	0.999958	0.000010	0.000010	0.000012
1365	HG03121	ESN	0.000010	0.999960	0.000010	0.000010	0.000010
1301	HG02979	ESN	0.000010	0.999960	0.000010	0.000010	0.000010
1422	HG03298	ESN	0.000010	0.999552	0.000010	0.000418	0.000010
1383	HG03168	ESN	0.000010	0.999960	0.000010	0.000010	0.000010
1435	HG03366	ESN	0.000010	0.999960	0.000010	0.000010	0.000010
1433	HG03354	ESN	0.000010	0.995834	0.000010	0.000010	0.004136
1386	HG03175	ESN	0.000010	0.999960	0.000010	0.000010	0.000010
1421	HG03297	ESN	0.000010	0.999960	0.000010	0.000010	0.000010
1379	HG03160	ESN	0.000010	0.999960	0.000010	0.000010	0.000010
1353	HG03100	ESN	0.000010	0.999958	0.000010	0.000010	0.000012
1416	HG03279	ESN	0.000010	0.999960	0.000010	0.000010	0.000010
1291	HG02947	ESN	0.000626	0.997033	0.002321	0.000010	0.000010
1436	HG03367	ESN	0.000010	0.999960	0.000010	0.000010	0.000010
1432	HG03352	ESN	0.000010	0.999960	0.000010	0.000010	0.000010
1360	HG03114	ESN	0.000010	0.999960	0.000010	0.000010	0.000010
1293	HG02953	ESN	0.000010	0.999960	0.000010	0.000010	0.000010
1488	HG03520	ESN	0.000010	0.999960	0.000010	0.000010	0.000010
1417	HG03280	ESN	0.000010	0.999960	0.000010	0.000010	0.000010
1487	HG03518	ESN	0.000010	0.999957	0.000011	0.000010	0.000013
1483	HG03511	ESN	0.000010	0.999960	0.000010	0.000010	0.000010
1284	HG02922	ESN	0.000010	0.999960	0.000010	0.000010	0.000010
1392	HG03198	ESN	0.000010	0.995161	0.004809	0.000010	0.000010
1290	HG02946	ESN	0.000010	0.999960	0.000010	0.000010	0.000010
1420	HG03295	ESN	0.001500	0.998470	0.000010	0.000010	0.000010
1374	HG03135	ESN	0.000010	0.999960	0.000010	0.000010	0.000010
1415	HG03271	ESN	0.000010	0.999960	0.000010	0.000010	0.000010
1424	HG03301	ESN	0.000010	0.999960	0.000010	0.000010	0.000010
1429	HG03342	ESN	0.000010	0.999960	0.000010	0.000010	0.000010
1300	HG02977	ESN	0.000010	0.999960	0.000010	0.000010	0.000010
1285	HG02923	ESN	0.000010	0.999960	0.000010	0.000010	0.000010
1296	HG02971	ESN	0.000010	0.999960	0.000010	0.000010	0.000010
1484	HG03514	ESN	0.000010	0.999960	0.000010	0.000010	0.000010
1289	HG02944	ESN	0.000010	0.999960	0.000010	0.000010	0.000010
1489	HG03521	ESN	0.000010	0.999959	0.000011	0.000010	0.000010
1287	HG02941	ESN	0.000010	0.999960	0.000010	0.000010	0.000010
1370	HG03129	ESN	0.000010	0.999960	0.000010	0.000010	0.000010
1437	HG03369	ESN	0.000010	0.999960	0.000010	0.000010	0.000010
1390	HG03195	ESN	0.000010	0.999960	0.000010	0.000010	0.000010
1294	HG02968	ESN	0.000010	0.999960	0.000010	0.000010	0.000010
1411	HG03265	ESN	0.000010	0.999960	0.000010	0.000010	0.000010
1393	HG03199	ESN	0.000010	0.999960	0.000010	0.000010	0.000010
1357	HG03109	ESN	0.000010	0.998791	0.000010	0.001179	0.000010
1439	HG03372	ESN	0.000010	0.999960	0.000010	0.000010	0.000010
1428	HG03313	ESN	0.000010	0.999960	0.000010	0.000010	0.000010
1482	HG03499	ESN	0.000010	0.999960	0.000010	0.000010	0.000010
1425	HG03303	ESN	0.000010	0.999960	0.000010	0.000010	0.000010
1362	HG03117	ESN	0.000010	0.998684	0.000010	0.001286	0.000010
1380	HG03162	ESN	0.000010	0.999960	0.000010	0.000010	0.000010
1371	HG03130	ESN	0.000010	0.999960	0.000010	0.000010	0.000010
1419	HG03294	ESN	0.000010	0.990267	0.000018	0.009695	0.000010
1412	HG03267	ESN	0.000010	0.999960	0.000010	0.000010	0.000010
1387	HG03189	ESN	0.000010	0.999960	0.000010	0.000010	0.000010
1434	HG03363	ESN	0.000010	0.999960	0.000010	0.000010	0.000010
1389	HG03193	ESN	0.000010	0.999960	0.000010	0.000010	0.000010
1377	HG03157	ESN	0.000010	0.999955	0.000014	0.000010	0.000011
1414	HG03270	ESN	0.000010	0.999960	0.000010	0.000010	0.000010
1297	HG02973	ESN	0.000010	0.999960	0.000010	0.000010	0.000010
1295	HG02970	ESN	0.000010	0.999960	0.000010	0.000010	0.000010
1368	HG03126	ESN	0.000010	0.999957	0.000010	0.000010	0.000013
1286	HG02938	ESN	0.000010	0.999960	0.000010	0.000010	0.000010
1361	HG03115	ESN	0.000010	0.999960	0.000010	0.000010	0.000010
1418	HG03291	ESN	0.000010	0.999960	0.000010	0.000010	0.000010
1431	HG03351	ESN	0.000010	0.999957	0.000010	0.000010	0.000013
1298	HG02974	ESN	0.000010	0.999955	0.000010	0.000010	0.000015
1299	HG02976	ESN	0.000010	0.999960	0.000010	0.000010	0.000010
1391	HG03196	ESN	0.000010	0.999960	0.000010	0.000010	0.000010
1363	HG03118	ESN	0.000010	0.999960	0.000010	0.000010	0.000010
1485	HG03515	ESN	0.000010	0.999960	0.000010	0.000010	0.000010
1288	HG02943	ESN	0.000010	0.999960	0.000010	0.000010	0.000010
1355	HG03105	ESN	0.000010	0.999960	0.000010	0.000010	0.000010
1427	HG03311	ESN	0.000010	0.999960	0.000010	0.000010	0.000010
1367	HG03124	ESN	0.000010	0.999960	0.000010	0.000010	0.000010
1426	HG03304	ESN	0.000010	0.998104	0.000010	0.000010	0.001866
1385	HG03172	ESN	0.000010	0.999960	0.000010	0.000010	0.000010
1378	HG03159	ESN	0.000010	0.999960	0.000010	0.000010	0.000010
1292	HG02952	ESN	0.000010	0.999960	0.000010	0.000010	0.000010
1354	HG03103	ESN	0.000010	0.999960	0.000010	0.000010	0.000010
1364	HG03120	ESN	0.000010	0.999960	0.000010	0.000010	0.000010
1373	HG03133	ESN	0.000010	0.999960	0.000010	0.000010	0.000010
1372	HG03132	ESN	0.000010	0.999960	0.000010	0.000010	0.000010
1413	HG03268	ESN	0.000010	0.999960	0.000010	0.000010	0.000010
1369	HG03127	ESN	0.000010	0.999960	0.000010	0.000010	0.000010
1500	HG03567	MSL	0.000010	0.999960	0.000010	0.000010	0.000010
1494	HG03556	MSL	0.000010	0.999960	0.000010	0.000010	0.000010
1336	HG03072	MSL	0.000010	0.993768	0.006202	0.000010	0.000010
1475	HG03478	MSL	0.000010	0.999960	0.000010	0.000010	0.000010
1338	HG03074	MSL	0.000010	0.999960	0.000010	0.000010	0.000010
1465	HG03457	MSL	0.000010	0.999960	0.000010	0.000010	0.000010
1478	HG03485	MSL	0.000010	0.997263	0.000010	0.000556	0.002161
1326	HG03054	MSL	0.000010	0.999960	0.000010	0.000010	0.000010
1473	HG03473	MSL	0.000010	0.999960	0.000010	0.000010	0.000010
1501	HG03571	MSL	0.000010	0.999960	0.000010	0.000010	0.000010
1344	HG03084	MSL	0.000010	0.993801	0.006169	0.000010	0.000010
1452	HG03428	MSL	0.000010	0.999960	0.000010	0.000010	0.000010
1331	HG03061	MSL	0.000019	0.999951	0.000010	0.000010	0.000010
1499	HG03565	MSL	0.000617	0.993445	0.000010	0.005918	0.000010
1456	HG03437	MSL	0.006798	0.992757	0.000426	0.000010	0.000010
1448	HG03397	MSL	0.000010	0.999960	0.000010	0.000010	0.000010
1492	HG03547	MSL	0.000010	0.999960	0.000010	0.000010	0.000010
1462	HG03451	MSL	0.000010	0.999400	0.000010	0.000010	0.000570
1446	HG03391	MSL	0.000010	0.999960	0.000010	0.000010	0.000010
1466	HG03458	MSL	0.000010	0.999958	0.000012	0.000010	0.000010
1472	HG03472	MSL	0.000010	0.999960	0.000010	0.000010	0.000010
1348	HG03091	MSL	0.000010	0.998252	0.000010	0.000010	0.001718
1347	HG03088	MSL	0.000010	0.993857	0.000010	0.000010	0.006113
1506	HG03583	MSL	0.000010	0.999960	0.000010	0.000010	0.000010
1470	HG03469	MSL	0.000010	0.999960	0.000010	0.000010	0.000010
1335	HG03069	MSL	0.000010	0.999960	0.000010	0.000010	0.000010
1337	HG03073	MSL	0.000010	0.992019	0.000955	0.002731	0.004284
1451	HG03419	MSL	0.000010	0.999847	0.000010	0.000010	0.000123
1504	HG03577	MSL	0.000382	0.998017	0.000010	0.001581	0.000010
1464	HG03455	MSL	0.000010	0.999960	0.000010	0.000010	0.000010
1341	HG03079	MSL	0.000010	0.999957	0.000013	0.000010	0.000010
1329	HG03058	MSL	0.000010	0.991664	0.008306	0.000010	0.000010
1343	HG03082	MSL	0.000010	0.999959	0.000010	0.000010	0.000011
1445	HG03388	MSL	0.002946	0.997024	0.000010	0.000010	0.000010
1463	HG03452	MSL	0.000010	0.999960	0.000010	0.000010	0.000010
1396	HG03212	MSL	0.000010	0.998418	0.001552	0.000010	0.000010
1477	HG03484	MSL	0.000010	0.999960	0.000010	0.000010	0.000010
1502	HG03572	MSL	0.000010	0.999960	0.000010	0.000010	0.000010
1459	HG03445	MSL	0.000010	0.999960	0.000010	0.000010	0.000010
1450	HG03410	MSL	0.000010	0.999960	0.000010	0.000010	0.000010
1505	HG03578	MSL	0.000010	0.996642	0.000010	0.003328	0.000010
1447	HG03394	MSL	0.000010	0.999960	0.000010	0.000010	0.000010
1457	HG03439	MSL	0.000010	0.999960	0.000010	0.000010	0.000010
1339	HG03077	MSL	0.000010	0.999960	0.000010	0.000010	0.000010
1495	HG03557	MSL	0.000010	0.999960	0.000010	0.000010	0.000010
1334	HG03066	MSL	0.000010	0.999960	0.000010	0.000010	0.000010
1330	HG03060	MSL	0.000010	0.996939	0.000010	0.000010	0.003031
1443	HG03382	MSL	0.005165	0.991987	0.002828	0.000010	0.000010
1497	HG03559	MSL	0.000010	0.999960	0.000010	0.000010	0.000010
1453	HG03432	MSL	0.000010	0.999960	0.000010	0.000010	0.000010
1397	HG03224	MSL	0.000010	0.997681	0.002289	0.000010	0.000010
1474	HG03476	MSL	0.000010	0.997525	0.001292	0.001163	0.000010
1332	HG03063	MSL	0.000010	0.999952	0.000010	0.000010	0.000018
1454	HG03433	MSL	0.000010	0.999960	0.000010	0.000010	0.000010
1350	HG03096	MSL	0.000010	0.999960	0.000010	0.000010	0.000010
1351	HG03097	MSL	0.000010	0.999958	0.000012	0.000010	0.000010
1444	HG03385	MSL	0.000010	0.994935	0.000010	0.005035	0.000010
1340	HG03078	MSL	0.000010	0.992022	0.000010	0.000010	0.007948
1498	HG03563	MSL	0.000010	0.999960	0.000010	0.000010	0.000010
1398	HG03225	MSL	0.000010	0.999883	0.000087	0.000010	0.000010
1455	HG03436	MSL	0.000010	0.989898	0.000010	0.004768	0.005314
1493	HG03548	MSL	0.000010	0.999955	0.000010	0.000010	0.000015
1441	HG03378	MSL	0.000010	0.994556	0.000010	0.005414	0.000010
1496	HG03558	MSL	0.000010	0.999948	0.000019	0.000010	0.000014
1325	HG03052	MSL	0.000010	0.999960	0.000010	0.000010	0.000010
1458	HG03442	MSL	0.000010	0.999960	0.000010	0.000010	0.000010
1460	HG03446	MSL	0.000010	0.996498	0.003472	0.000010	0.000010
1345	HG03085	MSL	0.000010	0.999960	0.000010	0.000010	0.000010
1395	HG03209	MSL	0.000010	0.996965	0.003005	0.000010	0.000010
1461	HG03449	MSL	0.000010	0.999960	0.000010	0.000010	0.000010
1449	HG03401	MSL	0.004962	0.992056	0.002963	0.000010	0.000010
1328	HG03057	MSL	0.000010	0.991050	0.008919	0.000010	0.000011
1342	HG03081	MSL	0.000010	0.999960	0.000010	0.000010	0.000010
1467	HG03460	MSL	0.000010	0.998329	0.000010	0.000010	0.001641
1469	HG03464	MSL	0.000010	0.998691	0.000010	0.001279	0.000010
1346	HG03086	MSL	0.000010	0.999958	0.000010	0.000010	0.000012
1442	HG03380	MSL	0.000010	0.999960	0.000010	0.000010	0.000010
1476	HG03479	MSL	0.000010	0.998869	0.001101	0.000010	0.000010
1471	HG03470	MSL	0.000010	0.996901	0.000010	0.000010	0.003069
1468	HG03461	MSL	0.000010	0.999960	0.000010	0.000010	0.000010
1503	HG03575	MSL	0.000010	0.999960	0.000010	0.000010	0.000010
1333	HG03064	MSL	0.000010	0.999960	0.000010	0.000010	0.000010
1349	HG03095	MSL	0.000010	0.999960	0.000010	0.000010	0.000010
1440	HG03376	MSL	0.000010	0.996165	0.000010	0.003805	0.000010
1327	HG03055	MSL	0.000010	0.997472	0.000010	0.002498	0.000010
1929	NA18516	YRI	0.000010	0.999960	0.000010	0.000010	0.000010
1927	NA18510	YRI	0.000010	0.999960	0.000010	0.000010	0.000010
2054	NA18881	YRI	0.000010	0.999955	0.000010	0.000010	0.000015
2044	NA18867	YRI	0.000010	0.999960	0.000010	0.000010	0.000010
2246	NA19248	YRI	0.000010	0.999960	0.000010	0.000010	0.000010
2192	NA19096	YRI	0.000010	0.999318	0.000010	0.000010	0.000652
2222	NA19175	YRI	0.000010	0.999960	0.000010	0.000010	0.000010
2245	NA19247	YRI	0.000010	0.999960	0.000010	0.000010	0.000010
2205	NA19129	YRI	0.000010	0.999960	0.000010	0.000010	0.000010
2066	NA18934	YRI	0.000010	0.999960	0.000010	0.000010	0.000010
2226	NA19190	YRI	0.000010	0.999960	0.000010	0.000010	0.000010
2042	NA18864	YRI	0.000010	0.999960	0.000010	0.000010	0.000010
2225	NA19189	YRI	0.000010	0.999960	0.000010	0.000010	0.000010
2051	NA18877	YRI	0.000010	0.999953	0.000017	0.000010	0.000010
2227	NA19197	YRI	0.000010	0.999960	0.000010	0.000010	0.000010
2219	NA19160	YRI	0.000010	0.999960	0.000010	0.000010	0.000010
2243	NA19238	YRI	0.000010	0.996211	0.000010	0.003223	0.000545
2212	NA19144	YRI	0.000010	0.999960	0.000010	0.000010	0.000010
2190	NA19093	YRI	0.000010	0.999960	0.000010	0.000010	0.000010
2039	NA18856	YRI	0.003668	0.996302	0.000010	0.000010	0.000010
2211	NA19143	YRI	0.000010	0.999956	0.000014	0.000010	0.000010
2040	NA18858	YRI	0.001514	0.995902	0.000010	0.002564	0.000010
2208	NA19137	YRI	0.000010	0.999960	0.000010	0.000010	0.000010
2064	NA18924	YRI	0.000010	0.997905	0.000010	0.000010	0.002065
2189	NA19092	YRI	0.000010	0.999960	0.000010	0.000010	0.000010
2244	NA19239	YRI	0.000010	0.999960	0.000010	0.000010	0.000010
2194	NA19099	YRI	0.000010	0.999960	0.000010	0.000010	0.000010
1925	NA18507	YRI	0.000010	0.999959	0.000010	0.000010	0.000011
2204	NA19121	YRI	0.000010	0.999960	0.000010	0.000010	0.000010
2049	NA18874	YRI	0.000010	0.999960	0.000010	0.000010	0.000010
2053	NA18879	YRI	0.000010	0.999960	0.000010	0.000010	0.000010
2195	NA19102	YRI	0.000011	0.999959	0.000010	0.000010	0.000010
2220	NA19171	YRI	0.000010	0.999960	0.000010	0.000010	0.000010
2047	NA18871	YRI	0.000010	0.999960	0.000010	0.000010	0.000010
2206	NA19130	YRI	0.000010	0.999960	0.000010	0.000010	0.000010
2048	NA18873	YRI	0.000010	0.999960	0.000010	0.000010	0.000010
2215	NA19149	YRI	0.000010	0.999958	0.000012	0.000010	0.000010
2236	NA19213	YRI	0.000010	0.999960	0.000010	0.000010	0.000010
2231	NA19204	YRI	0.000010	0.999960	0.000010	0.000010	0.000010
1926	NA18508	YRI	0.000010	0.999959	0.000010	0.000010	0.000011
1934	NA18523	YRI	0.000010	0.999960	0.000010	0.000010	0.000010
2058	NA18910	YRI	0.000010	0.999960	0.000010	0.000010	0.000010
2038	NA18853	YRI	0.000010	0.999960	0.000010	0.000010	0.000010
1933	NA18522	YRI	0.000010	0.999960	0.000010	0.000010	0.000010
2043	NA18865	YRI	0.000010	0.999960	0.000010	0.000010	0.000010
1921	NA18501	YRI	0.000010	0.999960	0.000010	0.000010	0.000010
2218	NA19159	YRI	0.000010	0.997904	0.000010	0.002066	0.000010
2210	NA19141	YRI	0.000010	0.999960	0.000010	0.000010	0.000010
1917	NA18488	YRI	0.000010	0.999960	0.000010	0.000010	0.000010
2248	NA19257	YRI	0.000010	0.999960	0.000010	0.000010	0.000010
2233	NA19207	YRI	0.000289	0.999681	0.000010	0.000010	0.000010
1916	NA18486	YRI	0.000010	0.999960	0.000010	0.000010	0.000010
2232	NA19206	YRI	0.000010	0.998670	0.000012	0.000010	0.001298
2202	NA19118	YRI	0.000010	0.987058	0.012912	0.000010	0.000010
2239	NA19223	YRI	0.000010	0.999960	0.000010	0.000010	0.000010
1920	NA18499	YRI	0.000010	0.999960	0.000010	0.000010	0.000010
2063	NA18923	YRI	0.000010	0.999960	0.000010	0.000010	0.000010
2197	NA19108	YRI	0.000352	0.998086	0.000010	0.000010	0.001543
2061	NA18916	YRI	0.000010	0.999960	0.000010	0.000010	0.000010
2056	NA18908	YRI	0.000010	0.999960	0.000010	0.000010	0.000010
2052	NA18878	YRI	0.000010	0.989052	0.010918	0.000010	0.000010
2234	NA19209	YRI	0.000010	0.999960	0.000010	0.000010	0.000010
2207	NA19131	YRI	0.000010	0.999960	0.000010	0.000010	0.000010
2046	NA18870	YRI	0.000010	0.999960	0.000010	0.000010	0.000010
2055	NA18907	YRI	0.000010	0.999960	0.000010	0.000010	0.000010
1919	NA18498	YRI	0.000010	0.999960	0.000010	0.000010	0.000010
2199	NA19114	YRI	0.000010	0.999960	0.000010	0.000010	0.000010
2191	NA19095	YRI	0.000010	0.999960	0.000010	0.000010	0.000010
2217	NA19153	YRI	0.000010	0.999960	0.000010	0.000010	0.000010
2209	NA19138	YRI	0.000010	0.999960	0.000010	0.000010	0.000010
2213	NA19146	YRI	0.000010	0.999956	0.000013	0.000010	0.000010
2221	NA19172	YRI	0.000017	0.999953	0.000010	0.000010	0.000010
2060	NA18915	YRI	0.000010	0.999780	0.000010	0.000010	0.000190
2237	NA19214	YRI	0.000010	0.999954	0.000010	0.000010	0.000016
2235	NA19210	YRI	0.000010	0.999960	0.000010	0.000010	0.000010
2200	NA19116	YRI	0.000010	0.995732	0.000010	0.000010	0.004238
2045	NA18868	YRI	0.000010	0.998910	0.000010	0.000010	0.001060
2193	NA19098	YRI	0.000010	0.999960	0.000010	0.000010	0.000010
2223	NA19184	YRI	0.000010	0.999960	0.000010	0.000010	0.000010
1931	NA18519	YRI	0.000010	0.999960	0.000010	0.000010	0.000010
2059	NA18912	YRI	0.000010	0.999960	0.000010	0.000010	0.000010
2065	NA18933	YRI	0.000010	0.999960	0.000010	0.000010	0.000010
2229	NA19200	YRI	0.000010	0.999960	0.000010	0.000010	0.000010
2216	NA19152	YRI	0.000010	0.990225	0.000010	0.009745	0.000010
2242	NA19236	YRI	0.000010	0.999960	0.000010	0.000010	0.000010
2203	NA19119	YRI	0.000010	0.999960	0.000010	0.000010	0.000010
2196	NA19107	YRI	0.000010	0.999960	0.000010	0.000010	0.000010
2198	NA19113	YRI	0.000010	0.999960	0.000010	0.000010	0.000010
2241	NA19235	YRI	0.000010	0.997141	0.002829	0.000010	0.000010
2240	NA19225	YRI	0.000010	0.999960	0.000010	0.000010	0.000010
1922	NA18502	YRI	0.000010	0.999959	0.000010	0.000010	0.000011
1918	NA18489	YRI	0.000010	0.999960	0.000010	0.000010	0.000010
2062	NA18917	YRI	0.000010	0.999960	0.000010	0.000010	0.000010
2247	NA19256	YRI	0.000010	0.999960	0.000010	0.000010	0.000010
2057	NA18909	YRI	0.000010	0.999960	0.000010	0.000010	0.000010
2228	NA19198	YRI	0.000010	0.999960	0.000010	0.000010	0.000010
2238	NA19222	YRI	0.000010	0.999960	0.000010	0.000010	0.000010
1930	NA18517	YRI	0.000010	0.999952	0.000018	0.000010	0.000010
1923	NA18504	YRI	0.000010	0.999960	0.000010	0.000010	0.000010
2214	NA19147	YRI	0.000010	0.999960	0.000010	0.000010	0.000010
2050	NA18876	YRI	0.000010	0.999960	0.000010	0.000010	0.000010
1928	NA18511	YRI	0.000010	0.999960	0.000010	0.000010	0.000010
1924	NA18505	YRI	0.000010	0.999960	0.000010	0.000010	0.000010
2201	NA19117	YRI	0.000010	0.997196	0.000010	0.000010	0.002774
2224	NA19185	YRI	0.000010	0.999960	0.000010	0.000010	0.000010
2041	NA18861	YRI	0.000010	0.995542	0.000010	0.004209	0.000229
2230	NA19201	YRI	0.000018	0.999952	0.000010	0.000010	0.000010
1932	NA18520	YRI	0.000010	0.999960	0.000010	0.000010	0.000010
2279	NA19376	LWK	0.000010	0.968989	0.014309	0.013263	0.003428
2142	NA19025	LWK	0.000302	0.973550	0.026129	0.000010	0.000010
2266	NA19331	LWK	0.006318	0.958142	0.027425	0.008105	0.000010
2260	NA19320	LWK	0.000010	0.961340	0.029348	0.000010	0.009293
2292	NA19397	LWK	0.001854	0.958756	0.031191	0.006764	0.001435
2140	NA19023	LWK	0.005227	0.964751	0.020548	0.003837	0.005637
2296	NA19404	LWK	0.000010	0.956720	0.001374	0.036929	0.004966
2257	NA19317	LWK	0.000010	0.957119	0.018068	0.016291	0.008512
2253	NA19312	LWK	0.000010	0.959629	0.011530	0.010027	0.018804
2316	NA19455	LWK	0.013277	0.954333	0.031179	0.000010	0.001201
2268	NA19334	LWK	0.016722	0.949953	0.024830	0.008485	0.000010
2287	NA19390	LWK	0.000010	0.952595	0.028847	0.018539	0.000010
2249	NA19307	LWK	0.000010	0.954240	0.020790	0.024950	0.000010
2252	NA19310	LWK	0.000010	0.965605	0.011043	0.019686	0.003656
2150	NA19037	LWK	0.000010	0.950869	0.029949	0.019163	0.000010
2278	NA19375	LWK	0.015733	0.948724	0.035523	0.000010	0.000010
2256	NA19316	LWK	0.000010	0.950845	0.034116	0.012180	0.002849
2277	NA19374	LWK	0.005557	0.949771	0.025328	0.009437	0.009908
2272	NA19350	LWK	0.006449	0.946094	0.046862	0.000010	0.000586
2312	NA19449	LWK	0.009527	0.963151	0.016676	0.006611	0.004034
2285	NA19384	LWK	0.000010	0.971809	0.010439	0.017732	0.000010
2299	NA19430	LWK	0.008592	0.951768	0.033654	0.004347	0.001638
2290	NA19394	LWK	0.000010	0.957705	0.032084	0.010191	0.000010
2313	NA19451	LWK	0.000010	0.939885	0.039327	0.020769	0.000010
2153	NA19042	LWK	0.014872	0.939317	0.043966	0.001835	0.000010
2137	NA19017	LWK	0.001856	0.961037	0.010653	0.026445	0.000010
2273	NA19351	LWK	0.000010	0.964910	0.016976	0.018094	0.000010
2301	NA19434	LWK	0.000010	0.939731	0.023588	0.032736	0.003934
2145	NA19028	LWK	0.000010	0.932421	0.027076	0.040483	0.000010
2304	NA19437	LWK	0.003567	0.937151	0.026111	0.031983	0.001187
2255	NA19315	LWK	0.000010	0.941830	0.042014	0.006666	0.009480
2288	NA19391	LWK	0.000010	0.975266	0.000010	0.012210	0.012505
2314	NA19452	LWK	0.009844	0.931718	0.033716	0.019485	0.005237
2271	NA19347	LWK	0.005350	0.955487	0.039142	0.000010	0.000010
2148	NA19035	LWK	0.002505	0.951516	0.045415	0.000553	0.000010
2294	NA19401	LWK	0.000010	0.946292	0.029497	0.015266	0.008935
2250	NA19308	LWK	0.000010	0.962707	0.008957	0.014505	0.013821
2319	NA19461	LWK	0.000010	0.960380	0.021684	0.017915	0.000010
2326	NA19472	LWK	0.000010	0.930902	0.017664	0.051414	0.000010
2254	NA19314	LWK	0.000010	0.930425	0.049224	0.020331	0.000010
2322	NA19466	LWK	0.000010	0.947489	0.047132	0.005359	0.000010
2261	NA19321	LWK	0.000010	0.958562	0.010555	0.030862	0.000010
2144	NA19027	LWK	0.009814	0.923951	0.054334	0.011061	0.000839
2295	NA19403	LWK	0.008248	0.932365	0.053271	0.006106	0.000010
2265	NA19328	LWK	0.006183	0.958892	0.034438	0.000010	0.000477
2321	NA19463	LWK	0.000010	0.950827	0.040098	0.009054	0.000010
2280	NA19377	LWK	0.000010	0.960566	0.039404	0.000010	0.000010
2149	NA19036	LWK	0.000832	0.968334	0.030814	0.000010	0.000010
2291	NA19395	LWK	0.006139	0.953267	0.038057	0.002527	0.000010
2146	NA19030	LWK	0.000404	0.962346	0.023889	0.013351	0.000010
2300	NA19431	LWK	0.000010	0.972377	0.007826	0.015618	0.004169
2143	NA19026	LWK	0.000010	0.950507	0.036715	0.012758	0.000010
2270	NA19346	LWK	0.000010	0.964802	0.028598	0.006580	0.000010
2311	NA19448	LWK	0.000010	0.953667	0.039348	0.006965	0.000010
2251	NA19309	LWK	0.000010	0.956252	0.031526	0.004284	0.007929
2298	NA19429	LWK	0.000476	0.964479	0.024064	0.007738	0.003241
2274	NA19355	LWK	0.000010	0.941035	0.040319	0.018626	0.000010
2147	NA19031	LWK	0.000010	0.956752	0.041857	0.001371	0.000010
2302	NA19435	LWK	0.006438	0.937560	0.034157	0.021834	0.000010
2267	NA19332	LWK	0.006395	0.948147	0.008780	0.036668	0.000010
2151	NA19038	LWK	0.014532	0.964991	0.020457	0.000010	0.000010
2297	NA19428	LWK	0.004129	0.939093	0.034662	0.020491	0.001626
2284	NA19383	LWK	0.000010	0.944658	0.044660	0.003823	0.006849
2154	NA19043	LWK	0.000010	0.949178	0.023414	0.018924	0.008473
2309	NA19445	LWK	0.014760	0.958223	0.021378	0.005629	0.000010
2275	NA19360	LWK	0.002249	0.957728	0.023096	0.016917	0.000010
2281	NA19378	LWK	0.000010	0.959928	0.040042	0.000010	0.000010
2320	NA19462	LWK	0.000010	0.971870	0.028100	0.000010	0.000010
2303	NA19436	LWK	0.013589	0.960425	0.025966	0.000010	0.000010
2269	NA19338	LWK	0.000010	0.939653	0.040684	0.019643	0.000010
2324	NA19468	LWK	0.007491	0.953291	0.018782	0.020426	0.000010
2282	NA19379	LWK	0.000010	0.963224	0.012220	0.024536	0.000010
2307	NA19440	LWK	0.013174	0.948384	0.033704	0.004728	0.000010
2276	NA19372	LWK	0.002618	0.963134	0.023736	0.010503	0.000010
2258	NA19318	LWK	0.000010	0.955239	0.026028	0.015289	0.003434
2310	NA19446	LWK	0.000010	0.956895	0.042012	0.001073	0.000010
2289	NA19393	LWK	0.013808	0.950691	0.035481	0.000010	0.000010
2328	NA19474	LWK	0.000821	0.946579	0.027592	0.024998	0.000010
2293	NA19399	LWK	0.000010	0.968080	0.000010	0.031890	0.000010
2264	NA19327	LWK	0.000010	0.934911	0.056792	0.008278	0.000010
2306	NA19439	LWK	0.003996	0.949685	0.012995	0.024769	0.008555
2259	NA19319	LWK	0.000634	0.956605	0.028787	0.009492	0.004482
2315	NA19454	LWK	0.000657	0.965247	0.021771	0.012315	0.000010
2138	NA19019	LWK	0.000010	0.954921	0.027081	0.017978	0.000010
2286	NA19385	LWK	0.001716	0.950463	0.031506	0.016305	0.000010
2317	NA19456	LWK	0.000010	0.966127	0.027080	0.006773	0.000010
2327	NA19473	LWK	0.001693	0.943703	0.032161	0.018754	0.003689
2323	NA19467	LWK	0.000056	0.937058	0.040825	0.022051	0.000010
2263	NA19324	LWK	0.009092	0.964033	0.026855	0.000010	0.000010
2283	NA19380	LWK	0.009873	0.938661	0.037112	0.014344	0.000010
2152	NA19041	LWK	0.004902	0.947917	0.027916	0.019255	0.000010
2305	NA19438	LWK	0.006816	0.959969	0.025904	0.007300	0.000010
2308	NA19443	LWK	0.006885	0.944884	0.030698	0.010540	0.006993
2318	NA19457	LWK	0.000010	0.957921	0.019500	0.022559	0.000010
2139	NA19020	LWK	0.000010	0.945669	0.042297	0.009345	0.002679
2329	NA19475	LWK	0.014782	0.947760	0.013758	0.023689	0.000010
2325	NA19471	LWK	0.000618	0.949280	0.005819	0.044273	0.000010
2262	NA19323	LWK	0.002823	0.933486	0.022315	0.039409	0.001967
2141	NA19024	LWK	0.000010	0.959615	0.002229	0.038136	0.000010
2431	NA20291	ASW	0.000010	0.977951	0.022019	0.000010	0.000010
2408	NA19901	ASW	0.003182	0.889552	0.092325	0.004851	0.010090
2411	NA19909	ASW	0.000010	0.870898	0.104314	0.000010	0.024768
2453	NA20362	ASW	0.007957	0.756410	0.225257	0.000010	0.010366
2423	NA20127	ASW	0.000010	0.902672	0.088555	0.000010	0.008753
2353	NA19704	ASW	0.000010	0.839457	0.133672	0.013471	0.013389
2454	NA20412	ASW	0.000010	0.747456	0.206013	0.000010	0.046511
2450	NA20356	ASW	0.011158	0.870190	0.110732	0.007910	0.000010
2415	NA19917	ASW	0.000010	0.912367	0.071827	0.000010	0.015786
2420	NA19982	ASW	0.008994	0.882330	0.102330	0.006336	0.000010
2452	NA20359	ASW	0.006078	0.747237	0.236809	0.000010	0.009866
2447	NA20348	ASW	0.000010	0.839037	0.135897	0.018978	0.006078
2355	NA19711	ASW	0.000010	0.886867	0.109492	0.000010	0.003620
2434	NA20298	ASW	0.016725	0.911237	0.062629	0.000010	0.009400
2416	NA19920	ASW	0.001142	0.899235	0.075847	0.020222	0.003554
2356	NA19712	ASW	0.004678	0.864247	0.102434	0.013499	0.015141
2451	NA20357	ASW	0.011962	0.889842	0.079280	0.004144	0.014773
2446	NA20346	ASW	0.014092	0.824597	0.139311	0.012532	0.009468
2421	NA19984	ASW	0.000010	0.852633	0.136060	0.010573	0.000724
2410	NA19908	ASW	0.000010	0.881658	0.108171	0.000010	0.010151
2422	NA20126	ASW	0.024878	0.678169	0.296933	0.000010	0.000010
2412	NA19913	ASW	0.000010	0.843623	0.142030	0.000092	0.014246
2350	NA19700	ASW	0.000010	0.819504	0.180466	0.000010	0.000010
2443	NA20339	ASW	0.000010	0.872109	0.087590	0.006279	0.034012
2449	NA20355	ASW	0.012719	0.813285	0.172281	0.000010	0.001705
2439	NA20320	ASW	0.018992	0.868086	0.102544	0.000010	0.010368
2405	NA19834	ASW	0.004138	0.743387	0.243192	0.000010	0.009272
2430	NA20289	ASW	0.003873	0.776061	0.204368	0.015688	0.000010
2437	NA20317	ASW	0.000436	0.707938	0.291606	0.000010	0.000010
2351	NA19701	ASW	0.000010	0.844108	0.116739	0.010322	0.028821
2429	NA20287	ASW	0.005111	0.810766	0.168901	0.000010	0.015213
2409	NA19904	ASW	0.000010	0.808363	0.187933	0.000010	0.003684
2425	NA20276	ASW	0.016994	0.814382	0.168603	0.000010	0.000010
2406	NA19835	ASW	0.013711	0.824038	0.162231	0.000010	0.000010
2352	NA19703	ASW	0.005702	0.849893	0.127593	0.013134	0.003677
2433	NA20296	ASW	0.026261	0.764548	0.209171	0.000010	0.000010
2444	NA20340	ASW	0.000010	0.837911	0.147503	0.002009	0.012567
2414	NA19916	ASW	0.000010	0.886289	0.104881	0.007224	0.001596
2413	NA19914	ASW	0.000010	0.691831	0.282148	0.026002	0.000010
2418	NA19922	ASW	0.005505	0.705036	0.282895	0.006554	0.000010
2354	NA19707	ASW	0.018049	0.713651	0.263104	0.000010	0.005186
2407	NA19900	ASW	0.009194	0.802584	0.178609	0.009602	0.000010
2440	NA20321	ASW	0.012865	0.760657	0.206629	0.000010	0.019838
2428	NA20282	ASW	0.006945	0.716535	0.257429	0.000010	0.019081
2404	NA19819	ASW	0.000010	0.702554	0.249336	0.033085	0.015015
