Ind	PC1	PC2	PC3	PC4	PC5	PC6	PC7	PC8	PC9	PC10	pop	superpop
GTEX-13NZ9	-6.10731	-7.4837	-12.7196	1.3222	-4.05342	-0.570998	10.5921	1.74135	2.96083	-7.18253	GTEX-13NZ9	GTEX
GTEX-1C4CL	-11.8709	4.75189	4.58987	-1.6487	-2.25379	2.55928	3.88215	-0.703862	11.7097	-16.6317	GTEX-1C4CL	GTEX
GTEX-1CAMS	19.8976	-2.30966	6.58097	11.2361	5.23306	8.51331	-0.7807	6.67525	5.52915	-11.117	GTEX-1CAMS	GTEX
GTEX-1KAFJ	-10.4837	1.36026	12.656	15.7707	-0.483533	7.53335	5.86057	-0.350808	-8.95674	17.4789	GTEX-1KAFJ	GTEX
GTEX-1LVAN	-15.0122	7.58952	12.2754	-9.23438	-6.75763	-5.05234	1.3127	-0.897858	2.63205	-5.24359	GTEX-1LVAN	GTEX
GTEX-QLQ7	-0.857188	-1.66499	7.43341	9.17022	-2.90071	-4.30135	6.17689	-6.08948	-9.1242	-0.542629	GTEX-QLQ7	GTEX
GTEX-RU72	18.0808	-3.95194	-14.3729	6.61699	4.42076	-6.57136	-0.47075	16.2688	-7.70769	5.7946	GTEX-RU72	GTEX
GTEX-ZYW4	-7.47045	-1.57126	5.5661	-3.07165	5.48405	3.19	3.53048	11.3359	2.35383	-4.88692	GTEX-ZYW4	GTEX
GTOP-AJ141	-0.215091	-6.5196	-3.06547	2.35063	-0.352445	5.37913	-5.9819	3.76231	3.2518	3.68258	GTOP	GTOP
GTOP-AJ142	-10.4491	-0.240643	6.28041	5.6096	6.98313	-8.41425	6.02258	3.95537	-4.35338	6.12161	GTOP	GTOP
GTOP-AJ211	-1.90065	-3.02586	-8.12157	1.98273	3.08236	-11.2079	9.11695	-0.797459	-4.58371	2.79786	GTOP	GTOP
GTOP-AJ221	0.553275	-2.81374	-8.10386	-1.43735	3.32123	-11.9308	0.179399	8.29154	4.74923	-5.31039	GTOP	GTOP
GTOP-AJ231	-3.35694	-6.36533	-5.17755	11.7383	7.40551	-3.19447	-2.26757	-2.76012	-7.55532	-0.897664	GTOP	GTOP
GTOP-AK091	1.33787	-8.55887	2.81046	-9.07682	-4.36531	9.93742	7.41487	-8.01606	6.40603	-4.55481	GTOP	GTOP
GTOP-AK092	1.6602	-10.7005	4.69573	12.0936	2.09237	-4.48948	17.9196	2.18945	-2.25646	-1.8149	GTOP	GTOP
GTOP-AK111	-4.49459	-1.06712	10.2185	5.90146	1.57429	-10.0913	2.88906	4.48846	10.6136	-3.19888	GTOP	GTOP
GTOP-AK112	1.1978	-2.65931	-5.88718	3.98816	11.3539	9.3195	-4.05861	-3.04075	-7.53208	1.79262	GTOP	GTOP
GTOP-AK221	-0.348594	-8.25743	-0.687637	-6.24032	4.69108	0.460774	6.41403	8.0733	0.409073	-1.09249	GTOP	GTOP
GTOP-AK231	-2.15171	-4.4968	-3.53693	6.19809	17.1406	-8.16564	9.36445	1.23892	7.30549	6.74821	GTOP	GTOP
GTOP-AK281	-3.05354	-2.90437	-8.61454	-3.82757	2.23449	-12.8354	-11.3943	3.34067	-7.22027	3.2947	GTOP	GTOP
GTOP-AL091	1.78797	-10.6785	-13.7042	-10.2768	-7.07715	7.58363	4.57522	5.01985	2.22056	5.53913	GTOP	GTOP
GTOP-AL121	1.88008	-2.71185	-5.64495	-12.36	6.75727	-4.86381	-18.4719	6.8428	0.602648	-8.87811	GTOP	GTOP
GTOP-AL271	11.9643	-16.5289	-1.86401	9.55246	0.33846	8.06952	6.67825	4.74131	19.0182	-0.22732	GTOP	GTOP
GTOP-BA041	-0.264746	-8.5866	5.73278	-1.36164	-8.84643	-11.5584	-1.41076	-2.65518	20.5242	1.31528	GTOP	GTOP
GTOP-BA081	0.65386	-12.462	-3.84503	-5.28371	-12.0676	1.80864	-2.77739	-0.614789	11.4025	6.4544	GTOP	GTOP
GTOP-BA082	-3.5748	-4.54944	11.5798	-10.3174	-2.88207	-6.89991	6.63776	3.28443	2.97939	3.52848	GTOP	GTOP
GTOP-BA091	3.36165	-8.26263	-3.64322	-0.947535	-0.755566	-4.45533	0.614871	-8.45985	6.00925	1.78207	GTOP	GTOP
GTOP-BA101	-1.3034	-8.64725	0.685884	0.853025	-7.8322	-7.89315	-6.80924	-9.29407	-3.1315	6.32218	GTOP	GTOP
GTOP-BA102	4.11547	-9.81002	13.3763	3.10188	7.44117	6.7785	2.24841	5.07578	-3.01116	-2.19535	GTOP	GTOP
GTOP-BA131	1.82586	-6.42276	4.98287	2.636	-5.38636	8.34738	1.20288	-9.83991	3.84836	10.4908	GTOP	GTOP
GTOP-BA132	1.26686	-3.74013	-1.76391	-5.71815	2.69879	-0.351096	4.87028	-8.90214	-2.99663	-2.5964	GTOP	GTOP
GTOP-BA181	2.09704	-9.33322	7.73746	3.91326	4.46106	-0.0514513	3.13385	0.748915	2.06725	-9.83834	GTOP	GTOP
GTOP-BA191	-0.430799	-11.3001	-4.52456	12.7195	0.00192148	-4.64728	3.22626	4.01501	-9.17817	-1.47088	GTOP	GTOP
GTOP-BA211	0.353506	-8.01691	2.63444	-1.17845	-10.0027	3.07376	-1.31307	4.60228	7.17158	-3.44464	GTOP	GTOP
GTOP-BA231	-1.77641	-7.17873	1.2615	-4.76581	-7.02824	-3.85679	0.167222	4.62829	1.7504	2.75919	GTOP	GTOP
GTOP-BA232	-3.83803	-5.7498	0.387478	5.77401	16.8062	4.08166	-9.1192	-13.0389	2.70541	12.526	GTOP	GTOP
GTOP-BA251	-0.777149	-7.59727	-2.88076	1.00216	7.38491	-6.0236	-1.16744	-6.01529	10.5605	-1.94943	GTOP	GTOP
GTOP-BB011	-0.525535	-7.82715	-11.3281	1.5093	2.77303	-4.74274	-0.636545	1.30751	-0.94375	1.31659	GTOP	GTOP
GTOP-BB201	-2.47872	-4.7678	2.25511	-1.18946	5.1259	-8.63801	12.9019	-16.5079	14.7536	-11.2132	GTOP	GTOP
GTOP-BB202	-0.372095	-8.01917	9.97422	0.152737	3.91811	-6.78704	0.193305	3.88867	5.49995	6.24941	GTOP	GTOP
GTOP-BB211	-2.7143	-4.37989	-11.1665	11.5607	-9.18339	-6.95461	2.73338	0.0548224	2.53844	-3.87615	GTOP	GTOP
GTOP-BB251	3.10743	-10.062	1.13882	5.28744	3.22991	6.92945	6.70442	-1.94422	-1.59187	4.63336	GTOP	GTOP
GTOP-BB261	-2.662	-7.74098	2.84443	-1.63406	3.0425	16.4543	3.20835	-8.11523	-1.58304	-6.87297	GTOP	GTOP
GTOP-BC041	1.52935	-10.734	15.1119	15.3107	-3.62791	-2.06903	8.44021	-0.264179	-1.12401	-1.37468	GTOP	GTOP
GTOP-BC061	-7.39322	-4.45004	0.0590109	-7.00287	-3.24521	9.54032	-6.77267	3.01221	-1.57893	-0.567932	GTOP	GTOP
GTOP-BC161	3.4597	-7.8807	0.90598	-0.0396436	2.57815	-5.52381	3.60734	-6.1724	-0.849029	4.03708	GTOP	GTOP
GTOP-BC171	-1.59365	-8.26557	6.3986	-4.49743	-1.05511	-3.03075	-0.350724	5.35505	-0.665607	0.862323	GTOP	GTOP
GTOP-BC181	1.40677	-8.33059	13.0813	-2.40646	2.63184	-9.02512	-1.51589	-8.74041	7.60427	6.95156	GTOP	GTOP
GTOP-BC191	4.29287	-8.52045	-6.71317	5.24054	2.46072	-6.42952	-5.98107	5.84526	7.74161	-8.08267	GTOP	GTOP
GTOP-BD011	3.52158	-13.1369	8.72174	1.56359	-4.76833	-15.5647	-1.85984	5.88429	11.2816	6.57966	GTOP	GTOP
GTOP-BD201	0.151501	-7.22817	-2.35665	-0.679242	4.74148	1.38216	-0.936561	-4.10745	-7.71792	-4.16301	GTOP	GTOP
GTOP-BE141	2.49777	-10.3472	-0.998793	-2.1453	-10.8027	1.80298	-8.60824	-1.70168	-4.87257	-4.1507	GTOP	GTOP
GTOP-BE161	0.234374	-9.42396	-1.36248	-5.34684	-10.1587	2.95128	-1.5656	3.30755	2.28755	-8.60318	GTOP	GTOP
GTOP-BE181	-0.931982	-6.00284	-10.7831	-1.38724	-8.93462	-1.64267	-13.6693	-8.90767	-3.2799	-5.12911	GTOP	GTOP
GTOP-BE221	0.630606	-7.68716	-14.7474	-1.75681	-5.23601	0.424007	3.88409	1.60474	7.21034	1.49249	GTOP	GTOP
GTOP-BF221	11.0614	-15.0838	-7.3008	2.01754	-22.0275	-1.68669	3.01619	9.91624	-1.03726	11.5131	GTOP	GTOP
GTOP-BF251	-1.15818	-7.45564	8.22225	-10.4029	1.04765	-3.52447	-1.48249	-2.24056	-4.4269	0.541067	GTOP	GTOP
GTOP-BF271	-2.02667	-6.97262	0.848143	-0.589777	5.09591	6.80729	14.4659	-2.37719	2.4973	-3.76645	GTOP	GTOP
GTOP-BG091	-0.41888	-4.13895	-0.405768	5.30851	15.8136	9.03389	-5.62093	-3.2632	-10.7918	5.62738	GTOP	GTOP
GTOP-BG171	2.78528	-7.92224	5.047	-3.02027	7.75561	-6.02476	-8.45121	-3.06234	-3.05012	-1.77636	GTOP	GTOP
GTOP-BG291	0.264281	-8.14206	-3.55843	1.24792	-3.42666	-6.03406	-1.17948	1.31531	-10.3259	-7.81329	GTOP	GTOP
GTOP-BG311	5.48477	-10.6839	-5.92493	-5.06091	-2.46699	10.4391	1.28943	-8.69706	-6.12835	4.11879	GTOP	GTOP
GTOP-BH071	-3.72388	-3.55894	1.11507	9.12339	15.2214	-4.97006	-1.03287	1.54232	-1.27047	6.09044	GTOP	GTOP
GTOP-BH101	-2.55424	-8.11417	-3.40786	1.60573	5.71356	-3.68049	-4.1592	1.42823	-2.80365	-3.96726	GTOP	GTOP
GTOP-BH131	-3.35057	-8.7705	-4.49528	-3.08792	-3.81722	7.28658	15.6966	-2.11616	-8.07747	1.00403	GTOP	GTOP
GTOP-BH171	5.45309	-13.5361	5.12712	-9.18248	4.22975	-0.0178616	-2.36154	-1.64947	8.32998	18.5473	GTOP	GTOP
GTOP-BH271	0.258052	-7.37077	8.6118	-2.59273	-4.4427	1.61239	-17.4102	-9.40203	-3.51945	-4.71075	GTOP	GTOP
GTOP-BI071	2.18496	-6.98188	-5.33923	-2.18742	-0.730202	-7.16085	-1.94159	-3.08985	-17.09	2.07982	GTOP	GTOP
GTOP-BI281	-0.513698	-6.1991	-4.60593	3.27033	-9.83544	-5.38365	12.9855	6.85476	-3.40344	-0.322905	GTOP	GTOP
GTOP-BJ111	1.65595	-10.5492	2.59016	-3.37929	0.410507	-3.78818	-3.29608	-1.69125	-3.81987	2.24275	GTOP	GTOP
GTOP-BJ131	0.956168	-9.19842	11.5781	4.30265	0.292228	0.990547	-7.8198	0.14403	-9.47429	-3.46951	GTOP	GTOP
GTOP-BJ141	1.06175	-11.6003	7.05426	0.683984	-9.38351	-2.55005	15.7697	6.54791	15.9011	15.7504	GTOP	GTOP
GTOP-BJ171	1.36491	-7.25564	2.00454	-4.42723	-0.645621	8.39117	8.96911	-3.79821	11.6685	5.25666	GTOP	GTOP
GTOP-BJ191	-0.963273	-6.3396	-2.34675	0.227706	2.23031	-1.53517	-2.35	2.08265	-10.774	2.98501	GTOP	GTOP
GTOP-BJ201	-0.145771	-7.29819	-3.36829	1.5376	-1.11894	-0.126739	2.67151	-7.17896	-2.55917	1.54143	GTOP	GTOP
GTOP-BK021	5.65537	-14.3194	-4.71307	-3.8646	-9.26475	-1.33028	-6.31864	-1.58143	-8.27431	5.1874	GTOP	GTOP
GTOP-BK071	-1.01039	-7.34369	2.94271	-4.97585	-0.912433	2.73292	3.27104	-9.55458	2.03317	-4.67615	GTOP	GTOP
GTOP-BK161	0.00737515	-3.52596	-8.5112	-10.9245	-2.54919	-8.34889	-5.97904	3.64309	-6.65124	3.88888	GTOP	GTOP
GTOP-BK191	-3.03828	-3.80943	-3.67955	-5.12658	-2.23074	2.47306	0.90416	1.42905	7.16824	16.4035	GTOP	GTOP
GTOP-BK251	4.31151	-9.82909	8.5639	-5.6785	-1.55444	-0.268674	-0.337896	3.33894	2.58225	6.06331	GTOP	GTOP
GTOP-BK261	3.08766	-8.55543	-8.50563	9.62061	7.02023	-2.33364	8.8421	-11.3999	-4.74749	-9.81213	GTOP	GTOP
GTOP-BK281	0.236395	-8.90343	-2.61674	2.83958	0.55759	-4.86632	-11.7826	-2.29307	-2.50998	12.3643	GTOP	GTOP
GTOP-BL021	-3.03149	-4.59681	-0.183551	2.523	-2.87173	5.29051	4.62646	-0.751172	0.058307	16.7589	GTOP	GTOP
GTOP-BL091	0.495223	-6.3006	4.72064	-4.03708	-0.593869	-10.2313	7.03984	1.93605	2.75043	5.65297	GTOP	GTOP
GTOP-BL151	1.59473	-6.72223	1.02259	-16.6465	-5.11804	6.18672	-6.52344	-10.1848	-3.14086	-2.81792	GTOP	GTOP
GTOP-BL161	-3.25643	-4.96589	2.35454	-3.03673	-2.91476	-10.5312	-6.3114	-3.63558	5.03493	2.88963	GTOP	GTOP
GTOP-BL221	3.69198	-8.86152	-1.3356	-5.89127	-0.00156867	-16.2094	5.52261	1.99179	1.58719	1.22887	GTOP	GTOP
GTOP-BL261	-0.868327	-4.65359	2.12902	-0.0152565	0.50104	11.3876	9.21423	8.95188	-0.826964	1.1779	GTOP	GTOP
GTOP-BL271	2.04597	-9.89667	1.00964	-3.71018	6.77147	3.46761	0.531527	-4.21655	-4.91775	-0.658548	GTOP	GTOP
GTOP-CA031	0.777705	-6.36164	-2.36305	-2.40145	-3.38123	3.86212	-1.34437	0.80783	-4.05543	8.57944	GTOP	GTOP
GTOP-CA081	-1.83367	-4.05074	-0.150244	-2.55686	-3.21801	-0.552182	-4.6301	-2.73548	-0.734511	-2.13114	GTOP	GTOP
GTOP-CA121	-5.78111	-6.29018	7.96696	3.35951	-2.12926	11.829	3.93248	1.70759	1.45695	-6.08166	GTOP	GTOP
GTOP-CA161	0.609237	-5.24998	-1.56852	-7.84861	0.680079	2.65836	-4.5649	-4.27275	5.99528	3.55565	GTOP	GTOP
GTOP-CA171	-2.8028	-8.95286	-9.21874	-4.2796	-5.78807	-9.86162	-7.30665	-0.779143	-1.53447	5.98497	GTOP	GTOP
GTOP-CA181	2.32445	-11.5314	11.2927	-8.39426	-2.54623	1.42603	-4.87977	-5.40445	-0.15135	-1.92582	GTOP	GTOP
GTOP-CA231	2.72838	-10.0077	10.0823	-2.23038	3.4699	0.186507	-8.83075	7.92116	9.34868	12.4538	GTOP	GTOP
GTOP-CA241	-1.93877	-4.88234	-5.17766	3.78587	-4.37435	-12.2433	4.89238	-6.64567	6.67551	-4.01785	GTOP	GTOP
GTOP-CB051	-0.743261	-7.0702	-1.96377	-4.92817	-6.32869	14.0102	0.70177	-4.9196	5.03422	-4.0099	GTOP	GTOP
GTOP-CB052	-0.0090777	-6.96089	1.19824	0.0296683	-0.37709	3.41574	3.12922	3.29083	-2.39765	2.88092	GTOP	GTOP
GTOP-CB121	-3.19452	-6.20611	1.27772	-9.10845	2.10956	-0.416762	12.4632	-0.348034	5.91831	9.39229	GTOP	GTOP
GTOP-CB151	-2.67133	-3.04197	0.490106	3.27964	0.673223	-0.356436	-5.24676	3.96507	0.755006	9.45413	GTOP	GTOP
GTOP-CB161	-1.45818	-7.01473	-9.46606	5.31751	13.6621	2.64341	8.0563	5.61858	-2.40859	2.76682	GTOP	GTOP
GTOP-CB261	0.305964	-4.93281	-11.2968	-7.23527	1.22886	-3.62173	7.62721	16.2557	0.144884	-2.5457	GTOP	GTOP
GTOP-CB271	-2.83291	-2.31956	1.58773	-1.93614	11.1214	-8.42965	-7.67902	-6.39823	8.02988	0.839731	GTOP	GTOP
GTOP-CB281	-1.82154	-5.37412	-7.22343	2.10276	-2.46045	2.79944	-5.17752	3.02908	-1.38687	4.70626	GTOP	GTOP
GTOP-CC031	-0.166528	-8.14186	7.71249	-3.35765	6.53107	-2.02679	-8.14837	0.928778	3.35909	9.28166	GTOP	GTOP
GTOP-CC041	-3.87565	-6.53108	24.6777	1.06103	1.60613	0.844602	-0.127394	2.82351	-3.98018	-1.83033	GTOP	GTOP
GTOP-CC061	-1.78743	-5.56781	-0.893316	-9.3745	-2.7105	-2.30134	2.39345	7.95386	-6.03497	6.21783	GTOP	GTOP
GTOP-CC121	2.91733	-8.0704	-5.40048	-0.601912	-0.934789	-0.923839	1.05469	-0.211967	9.92057	-7.28024	GTOP	GTOP
GTOP-CC131	0.314582	-11.0406	-7.81191	-10.5957	4.73156	-14.313	-5.13682	-2.1578	-6.37619	7.30225	GTOP	GTOP
GTOP-CC141	5.32577	-10.3285	-3.56048	-14.0586	-1.10076	5.94432	-7.97936	-5.67136	-10.0652	8.05343	GTOP	GTOP
GTOP-CC201	7.55455	-9.77596	-2.24943	-10.1091	-3.59469	-4.37694	-2.86378	4.37983	-7.44799	-9.72558	GTOP	GTOP
GTOP-CC231	2.35265	-5.85846	12.2156	-1.07728	-4.70714	3.65521	-14.0929	3.47477	-0.93205	6.52181	GTOP	GTOP
GTOP-CC241	2.44054	-8.95336	5.42364	-4.44441	0.966089	1.28665	-0.562231	-7.71266	3.10842	1.98998	GTOP	GTOP
GTOP-CC251	3.6174	-11.8959	-1.10486	-1.35511	5.61824	2.86998	12.3095	-0.683787	-0.480053	-7.13191	GTOP	GTOP
GTOP-CC291	-0.994136	-4.5946	-3.68444	-8.03715	1.47655	13.9456	-12.817	4.08836	2.26834	7.30865	GTOP	GTOP
GTOP-CC311	0.592052	-9.01205	-5.30408	-5.94603	-9.24309	-15.9548	-8.98904	-0.0974155	-9.73172	-1.3592	GTOP	GTOP
GTOP-CD021	0.0594869	-6.84758	5.11234	9.79056	2.64251	-1.35098	12.3993	0.480965	-5.52518	5.96816	GTOP	GTOP
GTOP-CD121	2.31243	-7.49752	-5.61901	7.34056	11.1338	-3.76052	-11.9	-7.93122	-9.94801	2.54326	GTOP	GTOP
GTOP-CE111	3.53641	-6.65458	0.403275	3.53627	8.23219	2.69226	-4.95322	4.45983	2.54437	-3.60211	GTOP	GTOP
GTOP-CE131	1.95808	-7.06306	-3.34504	-16.6926	-15.9092	10.3027	-3.51477	-4.4217	7.81598	-14.877	GTOP	GTOP
GTOP-CE141	3.31699	-8.42477	-12.1449	-10.3343	0.960969	-2.61177	0.286957	-11.8935	-8.86253	13.5465	GTOP	GTOP
GTOP-CE161	5.69378	-8.6481	20.0288	-2.87687	-12.8111	-11.6576	-0.192088	-0.612294	-7.31619	-7.10498	GTOP	GTOP
GTOP-CF011	0.620269	-7.51859	13.4935	10.1646	8.00033	7.44149	4.59001	2.96383	3.61501	-4.2296	GTOP	GTOP
GTOP-CF051	-0.721342	-7.34063	1.92365	3.90353	12.7771	-0.0631409	-9.19693	-5.44052	-5.77917	-16.0959	GTOP	GTOP
GTOP-CF121	2.41718	-11.0819	-3.05034	6.39393	1.14854	2.123	-8.92453	-1.98946	-2.36063	-1.71753	GTOP	GTOP
GTOP-CF201	-0.332703	-7.51144	-6.98513	1.68427	-2.33082	-1.49659	0.696352	4.71014	-2.3849	-5.41289	GTOP	GTOP
GTOP-CF221	-0.491358	-7.61905	-8.21686	6.34803	-6.31866	-6.58037	-7.04007	5.95604	8.49258	10.2852	GTOP	GTOP
GTOP-CF241	-2.29803	-5.70886	-5.59171	-6.76921	2.52716	-1.48281	0.25086	-8.3087	1.84005	9.54385	GTOP	GTOP
GTOP-CF242	-3.54331	-4.11974	2.51802	-3.0442	-1.47194	3.36993	-10.5521	-7.47929	-6.76229	1.93912	GTOP	GTOP
GTOP-CF301	0.934706	-9.09866	-8.84799	-3.31084	-2.07598	6.42712	6.2812	7.34196	-1.22705	5.93384	GTOP	GTOP
GTOP-CG041	4.01645	-7.7994	-5.55836	-7.48781	-1.44884	-10.7259	-2.57625	-0.86959	-7.88309	4.01219	GTOP	GTOP
GTOP-CG061	4.21197	-9.96368	-9.11507	-1.51774	7.79213	1.64645	-13.5406	-3.73614	8.35214	4.69569	GTOP	GTOP
GTOP-CG071	-1.71278	-6.97207	-1.01884	-2.59715	-1.91472	-0.0891703	-14.8884	-2.29474	-10.6945	5.90904	GTOP	GTOP
GTOP-CG091	6.24995	-10.0071	-9.47771	0.991129	4.50163	5.37115	-5.608	-2.98305	4.14769	1.74647	GTOP	GTOP
GTOP-CG111	-0.959556	-7.5854	-3.97448	-3.86796	9.63282	-5.73623	-1.84895	-0.961609	1.10768	6.08599	GTOP	GTOP
GTOP-CG171	0.081089	-11.0214	10.11	-2.77707	-10.5303	-2.47527	-0.378246	9.24342	-9.40428	5.33021	GTOP	GTOP
GTOP-CG172	-0.0501415	-10.8287	9.32345	-1.27301	4.58767	-4.70157	12.018	-2.61113	2.25245	1.00495	GTOP	GTOP
GTOP-CG191	-1.06071	-5.15391	5.97039	-1.37226	13.5486	-0.0284249	-1.49266	7.65381	-0.647431	-10.4071	GTOP	GTOP
GTOP-CG211	5.00406	-9.64186	1.4914	-9.47386	-10.1721	2.36302	-5.42761	-5.04215	-5.06254	0.134642	GTOP	GTOP
GTOP-CG261	2.19508	-9.16757	-5.70293	-6.66923	-11.0785	3.40621	-1.79977	-5.58511	7.99194	3.63955	GTOP	GTOP
GTOP-CG271	0.904356	-4.86446	-6.68858	6.68099	3.35391	-4.36737	-7.12532	0.89025	5.76474	-6.1085	GTOP	GTOP
GTOP-CH041	1.5386	-11.2918	5.08287	-4.99834	1.39933	3.72957	-6.24168	-0.369309	-15.0337	-4.1836	GTOP	GTOP
GTOP-CH081	6.30044	-9.92507	-6.84712	-10.9395	-5.70214	4.70353	-6.27198	-4.56312	6.82804	-3.96397	GTOP	GTOP
GTOP-CH082	0.209564	-7.56711	-4.78447	2.67369	9.36203	12.2883	9.17708	-4.25537	-1.53999	-7.77309	GTOP	GTOP
GTOP-CH091	-0.993482	-10.5709	5.88499	-4.29527	0.391142	-3.08418	9.36188	-10.8283	-4.41811	0.610491	GTOP	GTOP
GTOP-CH101	0.0859529	-8.96206	-4.14703	-1.82605	2.7425	-6.97504	-9.31031	18.6788	-7.42536	-6.92307	GTOP	GTOP
GTOP-CH102	-1.39995	-4.13567	6.20755	-3.97657	-4.35728	7.35716	3.54522	4.95294	-1.80941	-3.6669	GTOP	GTOP
GTOP-CI161	-0.271851	-4.8994	-5.29172	1.62633	14.0782	9.52637	-5.69071	13.616	6.3043	-6.06877	GTOP	GTOP
GTOP-CI201	-0.259816	-5.15001	0.196734	-0.098096	4.12339	7.44699	-6.36719	-1.60787	6.01162	-15.4931	GTOP	GTOP
GTOP-CI211	0.242246	-8.0029	-5.3456	-10.0155	-5.93294	-2.44085	6.21232	8.4952	-2.92034	-3.13306	GTOP	GTOP
GTOP-CI221	11.4144	-17.0512	20.9024	-8.14602	-10.1535	2.56621	-11.7196	-5.87864	15.4776	-5.52426	GTOP	GTOP
GTOP-CI222	6.41661	-7.10759	6.30153	-1.90885	-11.8652	-2.90734	-2.41226	-4.17424	0.307069	3.69447	GTOP	GTOP
GTOP-CI231	0.110992	-6.79372	6.57414	-9.5164	-0.535566	6.60325	-6.88395	2.3697	-12.2056	-7.22316	GTOP	GTOP
GTOP-CI251	-1.53552	-3.28635	-1.40455	-7.36649	-3.69228	-15.2357	-3.47766	0.941571	3.89768	5.96083	GTOP	GTOP
GTOP-CI291	7.0116	-10.3841	-12.3929	9.15488	-4.07022	3.39943	0.0569163	7.36454	-4.5684	8.78807	GTOP	GTOP
GTOP-CI301	-3.40077	-5.39329	-4.16419	-1.26342	-2.1193	-0.538323	-8.61386	-5.31285	2.46423	-4.14871	GTOP	GTOP
GTOP-CJ091	-1.09176	-7.08426	19.0662	1.24746	-1.52619	-8.68552	9.91446	1.06348	-2.70536	-13.5143	GTOP	GTOP
GTOP-CJ092	-2.3561	-6.95487	9.63261	-4.62409	4.17348	2.63557	3.62051	10.0669	-2.01481	11.9455	GTOP	GTOP
GTOP-CJ093	-0.716771	-5.30795	-5.13184	-0.236502	5.19228	16.2353	3.25427	8.81294	-14.5529	7.85023	GTOP	GTOP
GTOP-CJ111	-2.44328	-7.68376	7.24784	0.853273	0.204737	8.52627	0.974912	-5.11096	11.7526	-5.32301	GTOP	GTOP
GTOP-CJ151	-2.4742	-5.04534	-0.649833	-4.19916	2.86227	-1.88292	12.8444	-2.58934	-4.90105	-8.48072	GTOP	GTOP
GTOP-CJ231	5.36395	-7.08094	7.51661	-5.88001	10.7471	6.65897	0.471852	-2.07355	-13.2036	-2.81987	GTOP	GTOP
GTOP-CK031	2.23636	-4.66929	1.88008	-12.9735	3.51876	5.00554	-8.36566	17.9289	4.10464	6.94923	GTOP	GTOP
GTOP-CL111	5.2924	-10.5612	10.9292	5.14527	-3.77139	3.80231	4.25349	20.0851	-3.01872	11.0629	GTOP	GTOP
GTOP-CL141	0.043714	-7.38054	-7.21073	5.29308	-3.52922	-5.8105	-1.82652	15.2379	2.50367	-0.643205	GTOP	GTOP
GTOP-CL161	-2.01451	-4.41191	-2.73597	3.5395	2.43391	5.14253	-9.9419	9.56981	12.4935	-4.85843	GTOP	GTOP
GTOP-CL171	-3.13505	-7.38745	-4.53344	3.89173	11.9635	-1.60135	7.94312	-1.60216	1.10723	1.71092	GTOP	GTOP
HG00403	1.04024	-5.51163	16.594	2.08093	-4.19171	1.44071	2.89834	4.37179	6.90773	-0.456365	CHS	EAS
HG00404	2.6656	-8.9583	-0.820561	-0.205913	4.28454	8.35038	-2.00658	-10.4781	2.57897	12.3416	CHS	EAS
HG00406	-1.06594	-8.48015	-1.06474	5.04309	-5.13556	-16.5759	-10.3285	-2.45761	-5.85347	6.92906	CHS	EAS
HG00407	-1.82359	-1.11729	-13.3426	-3.51256	-1.45327	-6.74361	3.34127	22.4806	-2.22058	-7.81429	CHS	EAS
HG00409	0.94013	-4.93007	-4.34633	-3.01113	6.63223	-3.85716	7.27352	9.40041	-7.47023	-8.55799	CHS	EAS
HG00410	-1.88125	-4.4425	-9.56962	-4.34368	8.12413	-12.9374	3.38487	-11.9705	-9.71365	-8.15052	CHS	EAS
HG00419	-1.62607	-5.98424	8.33687	-0.505099	-4.94952	4.89058	11.3445	0.332393	4.1193	2.36417	CHS	EAS
HG00421	0.754811	-6.70809	7.13557	8.74293	-5.99188	-3.40115	-0.568363	-1.2562	6.75706	10.0797	CHS	EAS
HG00422	-1.50354	-7.60425	-3.01665	7.94896	7.56086	-6.14562	3.79049	-7.22019	-8.96692	8.22052	CHS	EAS
HG00428	-0.015792	-10.216	-9.80495	9.60769	2.11303	1.06059	7.23204	-0.723027	7.81787	-4.57585	CHS	EAS
HG00436	-1.66394	-5.447	-9.98158	1.32956	11.6951	7.47062	0.305964	8.75074	13.7829	-7.89582	CHS	EAS
HG00437	0.689145	-11.3176	2.31214	2.42472	16.1072	1.94683	12.131	8.2939	-10.7798	-10.2694	CHS	EAS
HG00442	-0.722215	-4.07117	7.19885	7.84562	1.12544	6.54231	6.25892	1.85426	7.27091	13.4398	CHS	EAS
HG00443	-1.28371	-6.49983	3.32842	-4.06634	5.97566	-3.48232	-6.43698	8.22703	2.52636	3.57762	CHS	EAS
HG00445	-1.80394	-6.30707	-4.38691	3.21827	1.81651	6.23045	-8.0537	-12.2354	5.69897	-0.354892	CHS	EAS
HG00446	0.455076	-3.69823	4.5583	0.0720946	7.17765	5.13694	5.51964	-6.20504	4.14763	13.5874	CHS	EAS
HG00448	-2.905	-7.3265	-8.96728	-6.16486	-2.59976	0.691352	-10.1899	0.159844	4.43731	-4.23025	CHS	EAS
HG00449	-2.82975	-6.73095	-2.11432	-8.45952	-0.589526	-13.5244	-4.69277	-12.856	-2.77756	-3.83017	CHS	EAS
HG00451	0.674276	-8.84354	-5.7899	-0.559361	-3.95651	-2.96235	5.47359	-7.93617	14.7079	1.91219	CHS	EAS
HG00452	0.0376048	-9.42864	6.41591	-2.30968	-2.78232	-1.14977	2.06227	-3.10286	4.66095	-8.54225	CHS	EAS
HG00457	-1.03107	-6.48559	8.01879	-10.0829	-1.28466	8.79449	-5.75874	-10.644	5.64479	9.98914	CHS	EAS
HG00458	0.460476	-14.6168	-1.27624	-4.82468	-1.33303	-4.28115	3.00861	6.08341	8.7119	10.5969	CHS	EAS
HG00463	-0.896795	-5.75617	-8.06235	-4.06995	13.3093	8.05852	-9.31923	4.91534	-10.9616	-25.7383	CHS	EAS
HG00464	-0.705326	-10.253	-3.48661	2.64322	-15.4704	-8.90645	-4.63651	6.74854	-1.23156	-3.27992	CHS	EAS
HG00472	4.20054	-6.76532	-6.19754	5.09437	12.8241	2.22161	3.6296	-3.31886	-5.64882	16.0479	CHS	EAS
HG00473	0.0910186	-8.57137	-4.43676	-2.41541	3.65048	-4.71959	-4.36527	3.10352	-5.53577	-0.154202	CHS	EAS
HG00475	0.45074	-10.3844	-0.103362	9.48673	14.4067	-1.98794	-13.9921	8.84269	17.2997	-15.1598	CHS	EAS
HG00476	0.459883	-6.52224	11.642	-7.52225	-1.02515	2.86689	1.32965	4.69685	-3.93369	-12.3884	CHS	EAS
HG00478	0.809579	-3.73168	-7.80134	-9.29088	12.0304	5.58836	-2.33663	1.18423	7.8974	-2.59596	CHS	EAS
HG00479	0.666419	-9.08843	-3.28965	-5.70447	3.60054	14.4804	16.1615	0.282337	-8.7204	-2.21878	CHS	EAS
HG00500	2.34703	-10.0145	18.3652	6.50408	4.68224	-19.5191	-3.43007	5.74495	0.54433	-21.7146	CHS	EAS
HG00513	-2.23832	-7.04988	12.6304	-8.72162	1.94237	-6.33409	-2.05129	14.5447	-4.06584	-0.46548	CHS	EAS
HG00524	0.799212	-4.09313	8.08595	1.8494	16.2215	4.23887	-0.931449	8.94164	-10.6104	4.9848	CHS	EAS
HG00525	0.986478	-7.75992	0.500762	7.44013	-13.4442	-6.42273	11.5848	-4.85994	-4.04152	-13.2486	CHS	EAS
HG00530	1.69713	-9.75252	-9.71988	4.48926	0.74077	-6.19444	-2.57835	8.76393	-4.9499	-1.43514	CHS	EAS
HG00531	-3.1418	-7.65005	9.40586	-7.61668	12.185	-10.1556	-13.512	3.80472	0.695296	-3.36706	CHS	EAS
HG00533	1.50405	-9.82928	0.893234	10.5244	9.91296	-0.923078	-10.6665	-4.14712	-3.14308	8.12586	CHS	EAS
HG00534	-0.69036	-6.43111	0.609628	3.57011	14.0099	-0.303327	-5.77812	1.77642	-13.3152	-0.517683	CHS	EAS
HG00536	-0.216659	-8.54615	-3.12984	-3.39859	13.2239	-3.19355	-12.4353	2.51821	9.04037	13.2295	CHS	EAS
HG00537	-1.13692	-9.1298	8.12731	4.97474	1.71414	3.15786	-1.45065	10.0404	-17.2978	9.38541	CHS	EAS
HG00542	1.34132	-12.6509	-1.06792	8.6098	3.15239	-4.54036	-10.8644	18.2131	20.7063	-15.7918	CHS	EAS
HG00543	-4.58293	-7.31053	-6.38088	9.46541	-2.63838	7.61671	7.68769	-21.6994	-4.14174	1.2288	CHS	EAS
HG00556	-0.155267	-5.88786	-0.335276	1.80836	-1.70972	-6.89751	-5.94387	-14.2412	-3.24541	0.105209	CHS	EAS
HG00557	0.160105	-7.49574	-3.26253	-2.46581	-3.02395	5.49605	-11.2889	-0.395705	-4.26215	-0.921319	CHS	EAS
HG00559	6.02127	-5.09274	-7.10223	0.969341	-0.484302	1.93385	-1.32553	-0.271255	-4.09772	-11.1359	CHS	EAS
HG00560	1.25878	-7.77068	9.90378	0.530885	0.223254	-13.0267	6.83471	2.72258	10.2316	3.4662	CHS	EAS
HG00565	2.2011	-10.8765	-1.89482	12.1688	0.0427829	-17.2706	10.8418	9.871	4.5403	2.43369	CHS	EAS
HG00566	-0.863296	-11.1543	-0.622302	3.82021	5.42833	7.23066	13.3826	-5.34011	10.4954	11.0444	CHS	EAS
HG00580	0.968618	-11.4824	-1.11921	0.676756	-0.151731	1.30109	-6.52701	3.93894	0.0263046	-0.177648	CHS	EAS
HG00581	3.31921	-8.26579	-8.86571	12.7623	13.568	-6.33239	5.9281	-1.04546	10.6511	-12.4487	CHS	EAS
HG00583	-5.55286	-3.64243	-3.29714	3.82021	16.3618	-5.42684	-4.78828	1.71537	5.63354	-2.29015	CHS	EAS
HG00584	0.0758691	-10.6884	5.78692	6.96257	20.4628	-8.0407	14.3554	0.258125	7.07582	-12.7014	CHS	EAS
HG00589	1.91367	-3.41839	-3.93859	-1.40326	3.54543	3.26948	13.4717	3.19445	1.83143	-6.86353	CHS	EAS
HG00590	-0.471112	-6.94451	-0.277186	1.55629	-4.89227	-2.57814	-0.120727	2.13605	1.74613	9.53794	CHS	EAS
HG00592	9.17395	-16.8216	-4.50957	0.254312	-3.9444	-5.2898	3.35499	-6.97256	-2.45214	7.64261	CHS	EAS
HG00593	2.13626	-6.49344	4.82642	-0.0244757	-0.789924	-9.29147	1.81859	9.3368	0.229498	-8.7415	CHS	EAS
HG00595	-0.60979	-10.6925	14.031	11.3041	22.8676	-2.31917	16.5557	5.98118	0.956493	-14.5696	CHS	EAS
HG00596	2.98758	-6.26376	5.63115	3.37911	1.57817	-4.98418	-9.98388	2.88259	4.27719	15.9002	CHS	EAS
HG00598	-1.48453	-7.09327	3.04212	0.00980429	10.0286	-4.48249	2.07271	1.40828	-8.41517	-10.5004	CHS	EAS
HG00599	5.62676	-9.3843	11.6239	-0.24979	-1.66724	2.10312	-3.52988	-15.4026	2.65124	-0.580532	CHS	EAS
HG00607	0.880687	-8.34513	-2.94571	18.7147	13.1169	-10.2956	6.54226	-2.00227	4.32083	1.90001	CHS	EAS
HG00608	-1.30566	-6.02622	16.8848	1.12108	8.08294	8.43065	-2.43961	8.20433	-7.63991	1.14209	CHS	EAS
HG00610	0.647611	-6.74455	6.51773	-4.21986	-10.7831	-5.17106	4.21548	6.56404	-3.98765	-10.5193	CHS	EAS
HG00611	1.68431	-7.16667	2.5962	-7.92739	6.45746	5.87259	-4.07738	-1.44117	-6.5638	-4.93596	CHS	EAS
HG00613	1.4371	-8.16974	2.10541	6.55006	-2.20841	6.42975	23.2574	1.75806	9.60765	0.362496	CHS	EAS
HG00614	1.83031	-8.17706	8.13094	-9.33284	-3.0652	-4.93167	12.3679	-2.23018	-4.58017	-4.92905	CHS	EAS
HG00619	0.025713	-9.74801	0.933965	2.78298	4.42521	4.05797	-5.10867	-15.454	9.72377	2.22221	CHS	EAS
HG00620	-2.03	-9.0323	-5.12044	11.3914	5.78611	-2.82629	-1.01254	2.41315	2.67559	-6.4	CHS	EAS
HG00622	-0.218152	-10.0842	4.28778	1.79279	-0.835353	5.34048	9.91123	6.03341	-8.31726	-8.2972	CHS	EAS
HG00623	0.722403	-6.49046	8.46322	10.5035	2.67353	-12.7211	5.3941	1.63049	2.6072	-15.2656	CHS	EAS
HG00625	-3.4367	-3.77737	-1.68501	6.49194	11.3073	-0.818555	2.37156	6.94422	13.4207	-7.13949	CHS	EAS
HG00626	0.79871	-8.13286	2.2368	5.18105	3.15547	-12.3452	4.40244	12.8415	-11.5428	1.53111	CHS	EAS
HG00628	0.108358	-6.69074	4.7642	-9.05858	5.05812	7.75304	-3.74313	1.42958	-4.32409	-4.43763	CHS	EAS
HG00629	-1.14557	-8.22476	5.16521	2.18578	11.7618	-9.11433	3.19305	5.33039	-4.54173	-6.60805	CHS	EAS
HG00631	0.897301	-9.61392	-13.9668	2.33826	-1.16978	-2.88807	2.46137	6.48759	6.67563	2.41055	CHS	EAS
HG00632	2.00104	-8.20482	22.1966	-4.71232	-1.76869	-13.3556	-8.77166	7.04065	2.04427	0.772515	CHS	EAS
HG00634	0.580332	-10.6501	-6.38443	2.28228	7.99697	3.47146	19.2161	4.96884	5.00634	-8.582	CHS	EAS
HG00650	-7.88946	-4.66539	3.73867	-0.0235008	4.02207	-7.0363	-0.483047	8.63609	13.6775	-11.1495	CHS	EAS
HG00651	-7.60861	-3.79174	7.46887	-6.36977	1.85865	2.97562	3.60852	1.4885	-5.06441	6.40297	CHS	EAS
HG00653	-8.6112	-1.8325	3.63249	-8.45012	5.26052	11.5384	-3.24575	3.09802	-6.22861	-1.83467	CHS	EAS
HG00654	-4.27596	-4.14129	0.890059	-1.59345	5.27718	-8.35336	8.05351	5.36651	-1.25922	0.147927	CHS	EAS
HG00656	-6.51051	-2.47129	6.26461	1.78689	5.28019	3.79413	-5.1696	-0.815121	-8.90003	-1.37119	CHS	EAS
HG00657	-3.03537	-2.8049	-4.95118	-9.16899	6.65681	-11.5274	-0.818998	-5.38357	-6.12398	-9.08578	CHS	EAS
HG00662	-5.66088	-3.36383	-11.1063	-6.23546	13.0521	2.6407	0.313562	13.1004	-4.91919	-5.61479	CHS	EAS
HG00663	-9.23196	-3.6022	-5.93169	13.4651	15.7387	1.00114	11.5939	0.85875	-9.86177	5.52327	CHS	EAS
HG00671	-5.71946	-2.18169	-7.02496	2.99726	5.99932	5.73177	-9.16106	-3.48837	16.9413	2.63487	CHS	EAS
HG00672	-7.4418	-1.86876	10.5061	-0.207695	8.82267	2.77424	-4.53748	19.8334	-9.33383	10.9704	CHS	EAS
HG00674	-4.99821	-1.03506	7.04622	-0.358498	-4.28506	-7.49134	-9.37011	3.99874	-14.5694	-11.8517	CHS	EAS
HG00675	-5.79585	-2.45857	13.9349	1.93912	-12.7761	-14.6691	-10.4952	-2.29526	4.64613	-9.23847	CHS	EAS
HG00683	-5.66685	-0.799474	-1.62815	0.375429	-1.57022	-2.46972	1.07508	6.84244	-12.842	-2.21885	CHS	EAS
HG00684	-6.55191	-4.17108	-7.43331	-0.288487	5.84583	-5.02924	-6.06099	-0.30829	-6.48647	3.14046	CHS	EAS
HG00689	-5.56065	-9.33026	0.954836	11.1505	-1.35783	-9.00368	3.15058	10.1665	-8.40862	-2.72338	CHS	EAS
HG00690	-5.35711	-3.19035	7.75812	3.40503	1.29326	9.4541	6.26479	10.7853	-10.4857	-3.52003	CHS	EAS
HG00692	-5.35054	-3.93716	6.43044	-0.344285	-1.76265	0.0137432	6.50093	9.56909	-7.29496	3.0561	CHS	EAS
HG00693	-1.79033	-1.13863	5.78027	2.83132	6.79772	-8.25766	-1.3993	0.633386	-11.9924	-6.13666	CHS	EAS
HG00698	-3.88709	-2.71394	4.60084	-1.06715	10.1539	-5.30205	-3.95745	11.8719	0.729743	5.25074	CHS	EAS
HG00699	-1.95847	-2.18241	1.6227	4.47344	-1.36876	7.89915	4.67239	0.993847	5.47703	8.41295	CHS	EAS
HG00701	-1.1002	-7.02032	10.8618	2.87457	9.992	-0.769619	4.91769	-1.92864	-2.71411	2.48001	CHS	EAS
HG00704	-5.45204	-2.87899	-1.81621	-0.241995	-0.783906	-5.37125	5.00526	17.0522	-1.02997	0.77448	CHS	EAS
HG00705	-6.89487	-3.9879	1.17763	0.983242	3.57954	1.97027	0.495411	-1.95863	-2.26224	-0.750315	CHS	EAS
HG00707	-7.76928	-0.901944	-10.619	0.653898	4.09619	-10.3463	7.20698	-6.4661	2.00491	-1.41145	CHS	EAS
HG00708	-3.97124	-3.80956	-1.3557	5.00278	-2.41174	-2.44456	5.32159	-4.13226	-6.37551	-5.81894	CHS	EAS
HG00717	-6.8414	-3.54202	8.48433	-0.051506	2.1744	9.6175	10.1328	8.54548	6.73047	7.39919	CHS	EAS
HG00728	-7.77349	-0.880117	-4.73488	0.102996	20.7599	-0.696483	-1.37218	-2.52113	-5.17542	2.82176	CHS	EAS
HG00729	-6.53335	-2.03609	-1.29355	-6.77763	-8.89784	-15.9852	12.4915	3.36018	1.41229	-10.0017	CHS	EAS
HG00759	-21.816	7.19379	-3.91599	-14.1541	3.50913	-0.388687	0.971214	1.04316	2.82255	9.96143	CDX	EAS
HG00766	-20.576	11.6632	15.5521	-10.1271	10.8296	-2.30107	14.2152	-6.28126	-3.09734	2.77779	CDX	EAS
HG00844	-20.234	10.7753	5.45481	-20.7105	-15.8413	-16.5043	15.6146	9.33943	-0.870773	-7.27492	CDX	EAS
HG00851	-20.0758	8.56546	20.1091	-17.7637	-11.9602	10.1202	11.312	-7.73569	-14.9597	5.43199	CDX	EAS
HG00864	-17.8654	10.4793	20.4223	-7.30603	7.33738	-7.6149	-11.721	-0.119539	-10.9046	-9.9176	CDX	EAS
HG00867	-16.2698	10.5136	10.8939	-11.7556	0.0670367	-5.64153	9.34267	11.379	-10.8215	-11.2598	CDX	EAS
HG00879	-20.6886	8.88606	18.9406	-5.49006	4.95655	-0.517722	-1.15459	-0.766231	2.3255	9.59177	CDX	EAS
HG00881	-19.9184	9.14438	7.54296	-26.4657	-16.5192	3.51033	18.2026	-8.28535	-12.5722	11.1464	CDX	EAS
HG00956	-18.3269	6.21973	-3.00536	-19.0016	-5.79866	12.7236	11.7019	-8.60449	-4.05073	-6.82139	CDX	EAS
HG00978	-15.0152	9.45668	-2.84589	-7.75717	-6.31281	-5.97965	-0.972503	-9.52566	-8.61543	14.986	CDX	EAS
HG00982	-21.1574	11.3768	12.6677	-11.6404	-1.18202	-3.22276	-10.0322	-6.81218	-1.43216	-3.06603	CDX	EAS
HG01028	-19.0034	9.13154	-8.56679	-16.7498	4.24541	7.3012	1.30202	7.19126	-8.60711	-8.49717	CDX	EAS
HG01029	-20.3264	12.0608	10.7837	-5.5334	1.02665	-0.662548	-1.3112	-6.48559	-0.123223	-13.861	CDX	EAS
HG01031	-19.7445	13.4262	1.07766	-11.2839	0.807793	-3.69598	-4.14584	11.8538	4.55083	-2.21913	CDX	EAS
HG01046	-19.7958	9.37211	-1.61026	-7.42442	6.96323	5.65094	-10.2873	0.821856	-9.11829	7.64346	CDX	EAS
HG01595	-12.4059	6.47492	-3.57577	2.37228	-5.60111	-12.7103	5.8932	19.2613	4.24237	5.80121	KHV	EAS
HG01596	-18.5884	4.81668	-5.67588	2.5368	-14.5359	-4.1008	8.42063	5.24477	3.23865	-11.3057	KHV	EAS
HG01597	-15.8979	8.16807	11.1986	17.8158	-6.22437	1.37025	-1.5243	-0.869263	15.6318	-1.92795	KHV	EAS
HG01598	-13.0803	7.4484	-0.797183	11.056	4.25234	-2.54522	-5.13764	-3.55481	2.14269	-0.751145	KHV	EAS
HG01599	-11.3782	3.80207	4.11407	14.5774	-7.38172	5.95104	16.039	-2.87034	-9.44386	-4.00489	KHV	EAS
HG01600	-13.3968	4.45099	-4.43332	10.0366	-10.7744	9.97805	-2.27996	-1.09543	-0.270086	-3.75993	KHV	EAS
HG01794	-22.1167	9.98072	3.37192	0.563025	7.62695	2.98392	0.644976	-16.1698	-3.35433	7.60005	CDX	EAS
HG01795	-16.6337	8.77676	-12.2226	0.119811	-2.7131	2.40694	18.0114	5.64447	19.1578	15.74	CDX	EAS
HG01796	-20.306	10.9245	-6.69105	-12.2332	7.46374	-8.64129	-2.48228	-11.5199	-9.42652	-1.27389	CDX	EAS
HG01797	-20.6015	9.01743	-6.82458	-5.68826	-8.41402	-4.62818	-0.471388	2.68982	15.7474	2.89457	CDX	EAS
HG01798	-0.797862	-3.95029	-4.70014	-2.0289	7.33943	13.2237	-0.507512	16.7697	5.38997	8.06927	CDX	EAS
HG01799	-19.5598	9.2317	-10.6952	-10.2644	3.85656	-0.659888	15.6622	-8.75529	5.98202	-7.91605	CDX	EAS
HG01800	-17.2726	8.99294	-6.47134	-18.631	9.43037	-2.81617	-2.71739	-4.42579	7.45726	1.3622	CDX	EAS
HG01801	-20.5976	4.52018	10.0455	-4.82176	2.59586	-19.8024	2.70893	14.759	16.7717	-3.5417	CDX	EAS
HG01802	-17.4938	6.92128	-2.55159	-3.73557	4.8822	-0.615288	14.1797	4.84308	-1.41777	0.271782	CDX	EAS
HG01804	-20.9004	4.58191	10.2387	-8.10869	-3.25652	2.6432	-7.24194	4.18668	-1.46363	0.596544	CDX	EAS
HG01805	-18.6161	5.89222	5.41404	-14.3045	-4.10833	-7.78927	-3.68901	0.889294	3.42494	4.41628	CDX	EAS
HG01806	-21.4392	11.6565	-8.27538	-4.7509	12.5768	1.95905	14.2889	-12.7531	-4.30779	1.0022	CDX	EAS
HG01807	-20.2089	14.3016	1.22956	-9.83933	9.83325	-6.33798	-11.0073	3.54569	1.90968	-2.11115	CDX	EAS
HG01808	-17.37	8.8608	1.97444	-0.91368	11.2162	-0.895769	10.74	2.5694	-13.7893	14.0102	CDX	EAS
HG01809	-21.2053	7.8719	11.6179	-2.1003	-3.80128	-16.5726	-8.54029	-10.0529	-8.41143	-1.4083	CDX	EAS
HG01810	-19.4579	9.97775	-7.16271	-6.38392	7.85555	1.32326	-4.90771	2.22819	15.5014	-14.219	CDX	EAS
HG01811	-22.326	11.8912	-8.95116	-3.49467	20.3809	-10.7787	-9.85924	-7.95115	-2.7733	9.87111	CDX	EAS
HG01812	-21.4449	11.2609	-12.5549	-0.0935054	12.0305	-9.43699	2.00312	-14.0738	-1.92343	-10.0628	CDX	EAS
HG01813	-18.5683	9.43056	-1.93835	-9.30081	10.9876	6.63435	-17.6352	-12.5966	-6.87723	1.5554	CDX	EAS
HG01815	-21.4744	9.86165	2.25852	-12.4209	-1.0791	5.99096	0.879739	-11.4918	9.30348	-4.64578	CDX	EAS
HG01816	-19.259	12.8971	-10.4555	-11.1918	24.4069	7.48214	-7.7311	-5.44589	1.68516	-2.16307	CDX	EAS
HG01817	-17.7382	11.0404	-8.50784	-9.35019	8.41022	-10.2924	-3.14815	-14.4882	-6.51693	9.26073	CDX	EAS
HG01840	-14.4565	8.40254	-4.17348	2.19208	-7.95529	0.607912	-0.402078	-10.1554	-10.3283	5.48249	KHV	EAS
HG01841	-17.1321	6.75086	-10.2789	15.8208	-1.02049	-2.96325	-3.01643	-3.74414	-5.21275	-2.35156	KHV	EAS
HG01842	-14.1558	5.24975	-7.85915	3.12448	-3.87914	6.09223	-10.2068	7.26136	1.59736	-3.0952	KHV	EAS
HG01843	-15.5579	10.3248	6.59308	10.9673	-10.9598	5.59895	-6.08956	10.9524	-2.5759	-5.84723	KHV	EAS
HG01844	-15.3687	8.46444	-9.42033	13.794	-14.803	-3.33675	0.557278	-7.17566	-7.58469	-5.36696	KHV	EAS
HG01845	-13.8951	2.29162	-8.77128	17.0492	-8.22976	-11.8528	11.9598	-3.62764	0.93354	-3.95982	KHV	EAS
HG01846	-15.4205	5.58921	-3.19314	22.3431	-7.84934	6.73086	-6.50869	1.11056	-1.20007	-5.37478	KHV	EAS
HG01847	-15.5636	9.13387	-7.21666	19.1	-8.15753	-4.47937	-6.11571	-13.4296	-2.39002	0.449105	KHV	EAS
HG01848	-14.9758	3.86017	-3.23171	-0.853506	-2.03463	22.1932	4.51808	6.01967	4.0706	1.48306	KHV	EAS
HG01849	-16.8569	8.06664	-0.220601	6.85688	-5.66817	2.72222	-13.8365	4.9467	7.71668	12.214	KHV	EAS
HG01850	-14.6732	10.055	-4.53378	13.8885	-3.34269	5.33514	1.53911	-0.37671	-10.2386	-18.799	KHV	EAS
HG01851	-15.0269	9.08492	-0.441458	7.42875	-1.07639	11.8754	-0.733673	8.12966	-7.57946	2.9795	KHV	EAS
HG01852	-16.1312	3.99847	-8.04624	15.1058	-8.31555	-2.23219	15.4563	2.65078	-5.34547	-10.1578	KHV	EAS
HG01853	-15.0591	6.52996	11.1928	8.23145	-8.21124	10.2548	-5.7309	3.22634	4.42076	-2.69479	KHV	EAS
HG01855	-14.1012	3.32804	-11.0549	6.1915	-9.46	1.56344	4.07818	4.53786	-0.465201	-1.21739	KHV	EAS
HG01857	-13.9011	8.75883	-7.98487	3.0554	-8.30678	-9.7906	3.96603	11.0306	0.186167	3.6559	KHV	EAS
HG01858	-16.0216	5.70767	6.66085	5.66598	-1.73063	0.988005	-3.79575	10.7667	4.77008	-4.97507	KHV	EAS
HG01859	-12.6335	5.23351	-14.9268	14.9213	0.469633	-3.75047	-3.36629	3.43129	-5.38436	8.04824	KHV	EAS
HG01860	-17.9226	7.60269	1.63233	15.0145	-11.0078	-4.55274	-4.76663	12.5627	-1.14725	4.95131	KHV	EAS
HG01861	-14.5392	5.92567	-9.70355	14.2093	-16.9733	-0.720228	-7.69633	-0.00472397	6.12574	-12.7632	KHV	EAS
HG01862	-12.3129	1.85603	-9.4599	-4.71329	1.20087	5.30963	2.64482	13.6828	-6.60537	-1.51403	KHV	EAS
HG01863	-11.1064	3.68751	-4.6956	14.9027	0.594033	1.83943	5.37164	7.81133	-2.90531	6.4169	KHV	EAS
HG01864	-14.1783	9.47183	11.0585	4.80774	-12.0858	2.14344	-7.72491	-0.676193	-1.48673	-10.1359	KHV	EAS
HG01865	-15.0998	9.70181	0.938103	-1.1515	-5.4832	9.80034	-11.5054	6.12409	1.02924	13.0088	KHV	EAS
HG01866	-17.1862	6.05068	11.8554	15.1069	-6.29104	30.4546	12.244	0.503551	4.60643	12.7163	KHV	EAS
HG01867	-15.112	8.9127	-3.94884	15.4671	-10.7669	-3.92713	-1.55823	19.7652	-5.06202	9.2819	KHV	EAS
HG01868	-17.8161	6.12308	6.19209	9.53315	-10.9099	7.30249	-6.30579	1.29378	3.32348	-13.3501	KHV	EAS
HG01869	-15.8113	4.46409	9.0505	10.1742	-12.4708	8.39638	7.58469	-0.201345	0.202221	10.3301	KHV	EAS
HG01870	-17.5319	5.54686	-6.85978	-0.0869912	-9.29176	1.73989	6.9609	-6.36414	3.45122	3.79425	KHV	EAS
HG01871	-14.7041	6.14104	4.14579	10.3236	-1.53076	7.54024	13.7692	3.81193	-10.3093	-0.620267	KHV	EAS
HG01872	-11.2979	2.8795	6.60808	2.37468	-3.88899	4.96064	-9.50776	6.43956	15.4422	-2.83458	KHV	EAS
HG01873	-12.5877	7.25191	-16.8252	0.794395	-16.0745	16.5358	1.19771	4.60663	-3.60052	2.88536	KHV	EAS
HG01874	-14.1626	5.87033	-15.1702	12.6833	-3.89095	1.70781	-7.99275	10.6432	-6.74424	3.48215	KHV	EAS
HG01878	-14.8246	12.2358	-8.44277	8.52337	-2.7949	3.18496	0.664906	-2.99313	1.52125	4.41226	KHV	EAS
HG02016	-16.2134	11.1099	1.97504	7.59898	-13.808	18.4086	-7.42493	5.3549	5.30976	-2.29354	KHV	EAS
HG02017	-16.0572	5.40581	2.90701	4.06061	-6.10848	5.08625	-12.3136	17.3728	3.24213	4.42961	KHV	EAS
HG02019	-14.7699	10.1023	8.84021	14.7451	-4.28718	7.28845	-14.8742	9.57713	0.92785	4.43312	KHV	EAS
HG02020	-17.8362	6.2036	-1.64077	8.89092	-11.6617	8.38641	8.24722	-9.53531	6.53769	-0.365193	KHV	EAS
HG02023	-18.4165	8.29974	-6.96294	16.512	-2.6717	9.46359	0.225671	2.11176	-7.32345	2.50048	KHV	EAS
HG02025	-14.6872	5.82818	-1.80156	6.8866	-0.367493	-8.63326	-0.79068	-3.79807	1.15306	-0.0234054	KHV	EAS
HG02026	-16.3542	12.7385	3.53138	9.87492	1.66843	2.3693	-13.6969	-1.25324	3.07144	-3.19255	KHV	EAS
HG02028	-14.877	5.93688	0.764229	12.1187	-3.89469	-3.19372	5.53492	-1.59785	-3.34684	-4.43183	KHV	EAS
HG02029	-8.35489	-0.140888	-7.58374	4.34728	-1.63537	-1.04342	-5.56025	-11.3683	1.82716	11.8697	KHV	EAS
HG02031	-14.5506	1.17443	-5.77019	13.1733	-3.52048	-5.25551	8.92467	-12.3386	2.93221	-7.71081	KHV	EAS
HG02032	-9.62031	2.36386	8.12722	3.68894	0.488626	0.902301	-6.62197	1.2083	-2.0943	4.92956	KHV	EAS
HG02035	-15.571	9.67432	-6.28554	6.52677	-5.96204	13.1894	-8.61853	4.93688	-5.21159	-6.86354	KHV	EAS
HG02040	-13.8065	5.82017	8.56161	15.1416	-4.46193	4.93507	-1.9456	10.1998	5.26699	-0.426433	KHV	EAS
HG02047	-17.4944	6.78231	11.0165	1.97485	-14.8207	5.31147	-2.18205	2.30319	-5.9733	4.43418	KHV	EAS
HG02048	-17.274	5.6833	1.20864	8.93585	-14.2289	-9.60004	-3.77218	2.28644	2.8382	4.21664	KHV	EAS
HG02049	-18.2312	6.01321	6.63618	19.0595	-10.0262	2.45128	-2.35368	-0.418477	-2.63473	-8.20156	KHV	EAS
HG02050	-14.974	3.39233	4.56106	4.27289	-19.808	-15.3304	8.05589	-7.09338	-1.72057	5.51167	KHV	EAS
HG02057	-15.912	6.83808	-9.58701	14.9462	8.98333	0.722836	-14.1243	1.4373	7.63191	-5.49474	KHV	EAS
HG02058	-13.7128	8.16741	8.13953	-1.51479	-22.3778	2.5972	-2.28363	-0.378725	17.1782	-14.5285	KHV	EAS
HG02060	-15.9615	9.16444	-7.53138	1.30848	-18.8774	0.716528	-0.0450918	-7.49027	2.28157	-1.13895	KHV	EAS
HG02061	-16.3597	5.81742	-6.67062	4.05859	-16.1086	5.70051	-4.18003	-7.49285	5.29124	-18.7565	KHV	EAS
HG02064	-14.9996	5.85634	13.381	4.81717	-3.62749	6.58395	-8.72665	3.16899	8.18013	9.97765	KHV	EAS
HG02067	-14.7625	6.01922	-9.91424	11.5052	-15.0924	-5.70172	13.4076	-5.86693	-2.2367	-4.64394	KHV	EAS
HG02069	-14.9889	9.14314	-6.22633	10.5737	5.64537	6.56728	3.09982	7.57527	-8.71676	1.34882	KHV	EAS
HG02070	-15.2777	5.20467	1.88351	11.7196	-11.7154	-5.40478	13.3132	-3.00258	1.35732	6.64409	KHV	EAS
HG02072	-12.5615	4.84402	-0.00301938	10.3679	-0.832541	9.18598	7.45799	9.84798	5.02103	-2.44249	KHV	EAS
HG02073	-11.5619	4.24249	-1.04579	7.61042	3.16409	-4.1257	-1.82189	-5.11337	0.591086	5.61057	KHV	EAS
HG02075	-16.548	4.17374	-0.681878	14.9502	1.36558	5.48119	-4.19095	-11.9535	-2.6389	-1.85733	KHV	EAS
HG02076	-17.5147	8.81936	-9.38511	12.2959	-7.08923	0.352395	-5.38404	1.30314	-11.6498	5.75644	KHV	EAS
HG02078	-19.1605	10.724	-4.13986	8.32117	-5.89376	-6.35721	5.31808	3.9654	-2.06641	-3.63126	KHV	EAS
HG02079	-14.7843	4.84152	-10.3597	5.80109	-4.23634	3.15164	-5.84401	4.22643	-4.12032	-9.78378	KHV	EAS
HG02081	-14.9431	8.00902	-2.37445	12.7365	1.73088	-3.10204	-0.276415	-1.72922	4.35875	-2.27231	KHV	EAS
HG02082	-7.89629	2.27615	-13.7101	4.45204	-4.95663	-1.15525	5.99803	-3.10985	-2.64073	-3.04566	KHV	EAS
HG02084	-16.2724	5.59464	-6.81538	14.0416	7.99887	1.92131	-9.06668	5.01089	-9.32644	10.1739	KHV	EAS
HG02085	-17.0199	6.23513	-5.24468	13.3319	-5.35201	-1.44957	-12.294	5.80339	-0.795662	-2.24785	KHV	EAS
HG02086	-14.9633	5.65239	7.77633	7.93591	4.2746	1.89263	-12.9634	5.73047	-5.23746	2.66016	KHV	EAS
HG02087	-15.6326	4.92905	-7.35437	10.9717	-1.18931	8.91518	-5.55867	-4.31263	-3.05053	-7.40277	KHV	EAS
HG02088	-17.5976	5.50032	-5.88836	11.9325	-1.98847	1.15188	-11.0221	-12.3165	4.2226	-5.83581	KHV	EAS
HG02113	-16.5869	8.26866	-9.17175	10.6156	1.17919	1.51398	-10.4132	-16.4142	-1.75899	-1.52391	KHV	EAS
HG02116	-12.1458	3.76189	-0.94871	5.2024	-7.20867	8.83212	2.35517	-5.91234	-3.35185	3.42742	KHV	EAS
HG02121	-15.3901	5.19351	-9.78946	8.23601	-14.9472	-2.16646	1.70683	-12.5637	2.36416	1.40016	KHV	EAS
HG02122	-9.93596	0.325434	-8.10589	-7.09961	2.51897	18.134	-1.32718	-8.47944	4.50212	-15.1922	KHV	EAS
HG02127	-16.7556	10.1158	-18.4381	0.351452	-4.6803	9.90344	-3.76698	8.22244	-11.0175	-4.0003	KHV	EAS
HG02128	-14.4032	8.87107	-11.5807	8.4067	9.74955	13.6199	-13.6095	2.08134	24.6986	-7.13847	KHV	EAS
HG02130	-13.5105	9.48552	-7.49296	6.91662	-9.42057	12.2146	1.69461	-2.23054	-0.578104	-8.03679	KHV	EAS
HG02131	-16.5675	8.99296	4.86589	-7.61129	-18.5108	0.82137	-1.88659	2.93948	16.6737	-1.837	KHV	EAS
HG02133	-16.3499	9.26316	-12.5911	14.0976	-11.9786	3.89449	-16.7015	4.99496	-2.62877	2.82938	KHV	EAS
HG02134	-16.4363	5.38968	-2.8235	10.9245	3.71892	3.02433	-2.45342	-5.57834	-1.11969	-3.12786	KHV	EAS
HG02136	-12.8328	8.17952	-7.48627	6.76238	-1.0325	4.43267	-2.81051	10.6163	3.12913	-5.40652	KHV	EAS
HG02137	-16.0223	9.34454	-2.98233	2.05247	6.34988	-0.289329	-0.103007	2.63994	-10.7245	6.68392	KHV	EAS
HG02138	-16.6689	7.22982	17.9908	11.2043	-11.0109	7.15856	-3.30331	3.01936	4.31845	-6.95719	KHV	EAS
HG02139	-15.4261	10.1061	4.28197	20.8174	1.6809	-3.24114	-2.24714	-0.828661	-15.8977	-4.31175	KHV	EAS
HG02140	-10.9842	8.37876	-4.28979	14.1817	-10.6362	4.45101	7.3841	-3.65041	2.66574	9.25002	KHV	EAS
HG02141	-14.6379	6.80037	-1.23396	4.73929	-3.46707	-0.573861	-11.3238	-8.21977	9.60637	5.53552	KHV	EAS
HG02142	-12.7919	0.687247	-10.5906	14.3471	-10.1258	-3.21258	-10.1051	2.76907	8.54768	3.42378	KHV	EAS
HG02151	-21.1827	11.9139	0.706465	-12.5286	4.34432	-12.5768	4.89836	6.7319	9.21227	12.0955	CDX	EAS
HG02152	-19.2658	10.4243	2.7256	-10.6463	-7.89189	-2.13062	-9.78069	4.77691	2.82928	4.37676	CDX	EAS
HG02153	-18.8353	7.14416	12.3685	-11.6025	-9.25588	-3.87816	1.47324	4.69678	-20.2077	9.04803	CDX	EAS
HG02154	-16.9344	8.07699	-8.16176	-12.3402	10.4742	3.9854	6.54396	-6.61265	-8.38501	3.22202	CDX	EAS
HG02155	-17.4321	10.2239	-9.39866	-9.69049	1.65482	4.6078	20.7049	-3.99235	2.81736	9.52117	CDX	EAS
HG02156	-22.1237	14.8041	-8.98343	-18.3878	4.47199	-7.96086	0.128982	9.67303	26.0486	-6.9261	CDX	EAS
HG02164	-16.6967	11.2366	-3.49926	-17.576	-7.48061	11.3129	-4.23058	3.59591	-6.26719	-10.7175	CDX	EAS
HG02165	-16.4187	7.36066	-7.63647	-4.04592	0.194645	7.86703	6.33342	-15.8169	2.11589	-7.83306	CDX	EAS
HG02166	-20.5271	11.7533	-3.233	-20.2298	-0.192774	13.3386	-8.64367	-11.1294	1.58045	-6.71766	CDX	EAS
HG02178	-22.4431	8.58654	13.7371	4.64318	8.12379	11.5616	5.70405	-6.32251	0.207177	2.47141	CDX	EAS
HG02179	-18.5305	8.06118	-8.3836	-5.73582	8.2673	1.43013	17.0176	-2.52716	15.4776	6.99525	CDX	EAS
HG02180	-18.1107	11.0278	9.10377	-3.60262	5.19953	0.392959	13.0654	6.65372	-8.4809	-4.73352	CDX	EAS
HG02181	-21.7017	9.87849	1.25774	-2.71111	2.64624	7.87091	10.8824	12.1521	-14.0703	5.99475	CDX	EAS
HG02182	-19.3393	11.6134	-7.76957	-11.746	8.45232	2.05874	-3.30966	7.67477	8.93325	-2.31681	CDX	EAS
HG02184	-20.7606	10.2347	12.4841	5.28884	-7.52103	-5.73156	0.928566	-15.836	-11.4089	0.686808	CDX	EAS
HG02185	-19.479	6.22535	7.41689	-5.14473	7.46811	5.34154	8.73442	-11.3481	-4.08509	6.72744	CDX	EAS
HG02186	-17.0737	10.2262	-9.1263	-14.2928	1.3613	2.29083	0.950271	9.82286	1.05552	5.83074	CDX	EAS
HG02187	-21.4744	8.46789	-0.00357048	-1.28855	4.98083	-12.8659	-5.2541	-7.66768	-4.53863	11.0415	CDX	EAS
HG02188	-22.1649	8.83221	17.6778	-5.58129	-1.6498	-16.793	-9.81844	11.7	4.73681	8.37865	CDX	EAS
HG02190	-19.1919	8.33449	-1.94886	-10.2262	-0.00258524	6.46926	12.6652	-1.28485	-6.60939	-4.89596	CDX	EAS
HG02250	-20.2366	6.46085	-8.69901	-6.55046	-0.500326	-8.49293	-0.459409	-0.271628	6.31454	2.38047	CDX	EAS
HG02351	-21.2211	12.1412	7.23697	-0.657201	-8.65839	-14.1816	-9.27749	-16.3974	7.77005	-4.18252	CDX	EAS
HG02353	-19.3344	10.8432	4.72402	-9.62629	-2.33355	-9.60145	8.46386	-2.73435	13.155	14.8526	CDX	EAS
HG02355	-19.4124	9.6559	-6.37266	-3.65	9.1093	-5.66351	12.4372	0.978082	4.51069	-2.05388	CDX	EAS
HG02356	-21.0013	10.0821	-7.00275	-8.89015	-8.89046	-20.0302	9.26062	-13.5398	12.4919	19.1193	CDX	EAS
HG02360	-17.5183	9.62684	-9.49224	-7.31567	7.0787	-2.48553	12.0076	10.2268	7.57018	-1.90144	CDX	EAS
HG02364	-20.6892	8.85322	9.25675	-4.59963	-11.8676	5.43509	-8.5771	-9.61349	-7.67767	4.32092	CDX	EAS
HG02367	-21.8114	12.9046	11.4032	-19.166	1.98343	-1.11045	-6.21533	3.08573	0.870711	0.286613	CDX	EAS
HG02371	-21.8839	7.49776	3.48812	-7.65562	-2.04749	6.09447	-0.544458	-6.48044	-2.05341	-6.53973	CDX	EAS
HG02373	-19.3606	10.5029	5.72207	-6.15271	-5.25239	-6.65417	-0.760441	-11.8965	4.84962	4.39123	CDX	EAS
HG02374	-20.3362	10.1871	11.0988	-7.86217	6.83185	12.453	-0.344554	-10.8889	0.353178	-10.1833	CDX	EAS
HG02375	-22.7722	9.14013	0.832741	-9.27869	5.46853	-3.85493	-6.39668	3.55357	-9.85579	3.96885	CDX	EAS
HG02379	-21.7502	12.1993	10.685	-6.02175	-0.368973	-11.2697	2.26935	2.13695	20.7298	19.9397	CDX	EAS
HG02380	-20.6391	11.0881	-10.3946	-12.8906	1.36914	-7.01883	1.96703	18.2361	23.5048	-7.13092	CDX	EAS
HG02382	-19.4031	8.38262	-8.23887	-6.16189	-5.17429	6.61067	-3.6412	-15.0696	5.07292	-4.55275	CDX	EAS
HG02383	-21.3198	11.9127	-4.98614	-10.8786	11.8852	-1.76791	-1.0478	-5.01318	1.33885	-11.1205	CDX	EAS
HG02384	-22.1121	8.1478	5.29844	-10.2817	-0.645881	6.56304	3.19532	6.30957	-6.98275	6.41848	CDX	EAS
HG02385	-22.7145	8.39104	15.0394	-3.55424	13.1494	-12.9801	4.77963	-1.67505	5.43455	2.28018	CDX	EAS
HG02386	-16.6367	5.60162	-14.8841	-4.86922	0.802826	1.90258	7.73698	6.63344	-2.41626	11.9511	CDX	EAS
HG02389	-18.1851	6.73067	-9.2261	-14.7926	-2.81745	4.00232	14.4203	7.06923	9.11574	2.20724	CDX	EAS
HG02390	-19.8772	8.96263	12.0884	-4.52791	5.65823	-2.88464	0.455355	-0.214286	4.03467	-7.81216	CDX	EAS
HG02391	-21.1488	12.8771	8.3317	6.35706	15.5797	3.96869	6.41376	-6.16544	-3.52705	-6.49551	CDX	EAS
HG02392	-20.3491	10.8933	-3.42713	-0.910506	9.52353	9.41753	-0.493725	-2.07308	-0.739456	0.961534	CDX	EAS
HG02394	-21.0576	9.69115	6.86663	-11.9343	-0.394247	8.69668	5.44086	12.025	-7.958	7.36834	CDX	EAS
HG02395	-19.6046	8.06538	-7.19075	-13.258	6.04649	-5.59536	10.9909	-4.07143	0.981869	0.312575	CDX	EAS
HG02396	-19.4731	12.1045	-1.85807	-13.4615	9.55736	2.40194	-9.55061	9.49543	-10.0847	1.42269	CDX	EAS
HG02397	-18.6034	8.88117	-1.60008	-2.65073	6.11105	0.909896	3.53529	4.00358	-10.6823	-3.41108	CDX	EAS
HG02398	-19.946	6.66438	-0.0426822	1.20513	5.73787	-9.20374	3.99045	2.3234	-15.9604	0.0154155	CDX	EAS
HG02399	-21.1874	11.1116	0.624132	-5.99927	5.76721	2.47104	-0.731304	3.23755	0.295676	6.72103	CDX	EAS
HG02401	-19.0672	11.7999	15.9187	-10.865	-7.55688	-0.326613	6.36574	-8.52829	5.55433	-10.0109	CDX	EAS
HG02402	-23.8543	10.0125	5.7142	-11.3884	13.9923	-6.67753	3.30158	-1.55437	-0.587048	1.51683	CDX	EAS
HG02406	-19.2949	6.80946	-4.46101	-12.0561	6.73366	-2.76265	-3.19581	-6.46739	5.61788	-2.71536	CDX	EAS
HG02407	-18.0127	5.96498	-2.4896	-7.39456	11.5095	5.22595	-9.98841	-9.85371	8.17792	-0.845151	CDX	EAS
HG02408	-22.5683	8.40508	-5.00759	-12.5874	5.18829	17.7778	15.208	1.50101	-3.81618	-15.1404	CDX	EAS
HG02409	-20.8864	7.85647	4.73712	3.98049	4.06781	-0.965245	-11.2434	-14.4322	-1.69627	1.26953	CDX	EAS
HG02410	-19.8442	12.0927	9.46959	6.40031	0.323178	-11.6113	4.30772	-10.2372	-1.8841	9.88026	CDX	EAS
HG02512	-13.5931	6.12481	3.65136	15.4857	-6.83887	-9.01039	-2.29591	4.9815	5.28749	21.7472	KHV	EAS
HG02513	-18.0776	10.4424	11.2033	6.80053	8.21344	-9.73751	-15.6809	3.27562	3.19394	11.1942	KHV	EAS
HG02521	-14.7028	9.4756	-10.1198	3.48027	1.64131	3.45896	-2.7934	-1.56188	14.7483	-6.94342	KHV	EAS
HG02522	-17.2137	7.02441	-7.44639	13.0342	-5.72805	1.40498	-6.23424	6.78318	4.68082	-7.5836	KHV	EAS
NA18525	4.77757	-9.93919	6.46883	-7.08061	-14.0177	2.94639	-9.46132	-4.20027	-4.93723	-15.05	CHB	EAS
NA18526	1.23154	-7.85164	-8.65932	-3.81081	-3.7238	-10.2843	-5.53489	7.52259	-0.0217144	-2.4037	CHB	EAS
NA18528	17.3306	-10.6366	-7.62222	-3.04413	-4.50066	13.2431	-1.86277	6.20495	6.1656	0.826878	CHB	EAS
NA18530	9.89142	-11.1903	1.86961	-2.54285	2.23331	6.52672	-3.43453	6.30673	10.348	-9.14177	CHB	EAS
NA18531	12.1033	-16.2521	-8.2022	-8.24053	-6.40734	8.20349	-14.0956	-8.22409	2.24982	4.1011	CHB	EAS
NA18532	6.45197	-10.6393	-2.35247	1.20687	8.63754	2.7992	-5.54119	0.416241	-4.14679	-5.77543	CHB	EAS
NA18533	0.0258972	-8.0431	-8.31431	-0.306947	-0.276046	-7.95478	-6.77947	-7.68426	2.38182	-7.50835	CHB	EAS
NA18534	8.92888	-12.1829	10.0138	-2.73015	-12.2659	7.90768	-14.2398	-9.97766	3.56894	19.941	CHB	EAS
NA18535	10.2719	-13.4555	-2.523	0.0202637	4.86404	12.377	11.819	-8.94384	7.48681	-9.4736	CHB	EAS
NA18536	3.52451	-10.7337	-8.0076	5.90878	9.09416	8.73582	-7.07161	4.19835	5.26287	7.66857	CHB	EAS
NA18537	9.70937	-10.6015	-8.91946	6.32055	-5.25214	-3.32876	4.07268	-12.6659	-1.18971	-2.21583	CHB	EAS
NA18538	11.1906	-15.199	-3.17763	-2.95324	4.37377	2.36175	-4.96154	2.43362	-7.17095	-3.39957	CHB	EAS
NA18539	11.6991	-14.4052	-6.13044	-7.75798	-9.75185	-2.88415	-6.80932	0.244426	-5.30053	-6.30208	CHB	EAS
NA18541	12.4148	-18.1062	2.70677	-4.74613	-5.15423	-0.606146	-5.12856	-2.79058	2.91447	1.5946	CHB	EAS
NA18542	13.4531	-14.4858	-4.73596	4.74946	-7.9642	-3.89619	-3.62206	-8.05551	9.14739	2.87357	CHB	EAS
NA18543	-0.761618	-7.95372	-7.75094	6.81889	5.07229	-2.62777	1.74176	0.00577523	12.4469	-3.56086	CHB	EAS
NA18544	10.9091	-15.353	-1.53858	-6.1623	-7.5276	7.83312	0.230123	4.75737	1.47179	-0.496214	CHB	EAS
NA18545	1.1808	-6.69354	-4.54776	0.167603	3.49036	-9.1614	2.78191	-3.96162	-0.811197	4.10009	CHB	EAS
NA18546	10.5792	-13.6329	12.6238	3.71018	-11.1698	-4.36893	9.69106	-2.1693	-7.44239	-1.73225	CHB	EAS
NA18547	10.2784	-14.7614	8.26523	-5.70427	-13.6282	-3.88973	2.12886	4.5924	-2.84691	-4.82221	CHB	EAS
NA18548	10.2606	-14.155	3.39711	5.24843	-8.37802	5.14755	-6.43084	-0.64708	-0.869162	10.3408	CHB	EAS
NA18549	1.09592	-6.61328	2.07838	1.58091	-3.46142	-11.092	-0.606492	6.81971	9.95525	-0.0980194	CHB	EAS
NA18550	-14.0677	-2.22115	5.08816	5.18563	-1.80543	5.62929	0.917635	-7.72015	-6.63243	-11.7673	CHB	EAS
NA18552	2.06725	-12.032	-1.76558	2.50782	-7.35372	4.20434	0.0356476	-3.77229	-8.1833	-5.45866	CHB	EAS
NA18553	10.3572	-8.58967	4.26604	0.754361	3.25234	8.95007	-10.0893	-20.3067	18.1181	-2.07124	CHB	EAS
NA18555	2.85078	-5.51444	-7.427	3.45116	0.146701	4.53414	0.0805772	-2.84387	-2.41742	9.51065	CHB	EAS
NA18557	12.946	-11.0627	-8.00853	-7.82622	-1.15227	-1.02676	-0.342879	-1.56349	-8.11919	7.71187	CHB	EAS
NA18558	10.9476	-14.9294	7.69542	3.63718	-2.11288	-16.4702	3.64781	-3.38106	-3.41472	8.70247	CHB	EAS
NA18559	6.76599	-12.4334	-0.591349	-3.30876	-1.69633	1.46271	-12.3509	0.459628	-3.50803	2.97781	CHB	EAS
NA18560	-2.91378	-7.87629	12.3356	6.17148	0.475758	-7.82603	0.392451	-3.52363	-4.0334	-9.64347	CHB	EAS
NA18561	9.80277	-12.646	0.286391	-6.19664	1.01493	10.1586	-0.537986	3.45827	2.14284	-5.23993	CHB	EAS
NA18562	9.98203	-15.5465	-3.12738	14.4679	3.51368	-2.08589	12.4861	-12.4868	-6.92667	2.76695	CHB	EAS
NA18563	13.9987	-13.4522	3.36159	-0.643285	-4.26674	6.21735	1.13892	7.3549	-10.4965	-1.9099	CHB	EAS
NA18564	13.8864	-12.2191	0.710157	-4.16104	-7.19259	10.2249	6.85327	-1.6538	6.84645	1.86405	CHB	EAS
NA18565	0.0470644	-8.56607	11.0443	6.53674	-2.03	-17.6644	-9.15342	-14.064	4.32798	-8.48297	CHB	EAS
NA18566	11.9719	-13.6473	3.70693	5.40315	10.5332	5.64136	-1.59003	-8.86426	8.6581	-1.05248	CHB	EAS
NA18567	9.69574	-11.5338	-5.67041	2.61571	-1.55659	3.29538	-0.0926629	-3.75844	-5.79786	-1.51998	CHB	EAS
NA18570	-0.352563	-9.46014	2.99055	-0.875066	6.9625	-7.71109	-6.02944	-4.14473	-9.65621	6.23201	CHB	EAS
NA18571	-0.773106	-4.68219	5.05394	-1.9436	9.96393	9.10644	0.27292	7.78778	-15.6222	2.18892	CHB	EAS
NA18572	13.199	-15.6163	2.74628	-1.44786	6.91938	-14.6352	10.6517	6.86704	-3.05972	0.800963	CHB	EAS
NA18573	1.47876	-7.4701	-12.0178	1.34593	-1.67503	6.33811	-8.91171	2.04028	-6.41172	2.29216	CHB	EAS
NA18574	10.2856	-12.9681	-2.3706	1.37308	-4.13969	7.9798	1.12827	2.14701	9.56558	10.7974	CHB	EAS
NA18577	6.41102	-13.2282	-2.5947	0.627965	9.73848	6.28802	3.62429	-4.63294	-9.544	-11.2447	CHB	EAS
NA18579	12.413	-13.912	4.33952	-2.68117	-14.0929	14.742	4.13598	4.31719	-1.79918	4.07232	CHB	EAS
NA18582	1.00482	-5.84588	-1.75371	1.63047	10.0981	2.64861	-2.20633	-6.46793	-2.49811	3.72181	CHB	EAS
NA18591	-0.395998	-7.29635	6.65484	-5.49001	4.58876	-3.8168	-5.01227	12.2333	10.6392	-5.92372	CHB	EAS
NA18592	10.4528	-14.554	-1.70235	3.54249	-9.10832	9.08906	2.74131	1.91626	5.75682	3.08796	CHB	EAS
NA18593	7.19103	-12.2899	0.53905	-0.328251	-0.748917	-4.07184	1.55182	-2.07676	2.4222	-2.04057	CHB	EAS
NA18595	10.123	-15.042	6.93381	-6.43529	8.49662	3.62902	-3.24667	8.57143	-1.29254	6.86361	CHB	EAS
NA18596	11.9028	-16.785	-8.92722	-10.8943	-4.94106	6.81611	-3.58658	-8.58319	-3.3112	6.31315	CHB	EAS
NA18597	10.9236	-13.2662	3.92222	-4.44226	0.95659	21.6331	5.6067	-10.0102	0.830935	-10.385	CHB	EAS
NA18599	12.946	-14.9341	-8.72806	8.54803	-4.75096	-3.14611	12.6738	-6.19833	-4.11738	-3.03991	CHB	EAS
NA18602	8.63027	-10.3246	-12.483	7.68895	-3.51937	-6.35982	-12.5678	-15.2936	-8.59829	-4.30855	CHB	EAS
NA18603	1.29189	-13.5551	2.25855	0.607164	5.81279	6.13766	3.15977	-6.16277	-4.61536	-5.28239	CHB	EAS
NA18605	9.25707	-13.251	-2.306	0.728729	-8.56076	1.41965	-1.77154	-4.63997	2.15599	-7.47926	CHB	EAS
NA18606	2.3153	-7.06431	-13.7684	3.98116	9.49433	-9.13	-2.27493	-4.69061	-6.38755	-0.011835	CHB	EAS
NA18608	9.56849	-14.3715	-0.610206	-2.41703	-12.5208	-0.979074	-2.01651	3.87933	-7.66493	-3.25753	CHB	EAS
NA18609	10.7875	-16.5403	-6.16286	-8.22945	-5.26253	-5.60762	-5.71886	5.49447	-2.09079	-3.09394	CHB	EAS
NA18610	7.65474	-11.574	21.3137	-4.95414	-4.8066	0.586383	-5.93465	11.1206	-7.10355	0.550957	CHB	EAS
NA18611	10.0636	-14.4359	1.7529	-2.70087	0.746073	5.62843	-2.46259	-11.3655	7.54618	10.5561	CHB	EAS
NA18612	11.7789	-12.7312	-8.30891	-5.49963	-8.3087	4.63814	1.9575	-10.7316	-1.45741	4.47024	CHB	EAS
NA18613	13.3609	-12.2149	-3.62007	-6.57508	-2.54454	-10.451	-2.02034	0.416912	2.47548	1.79891	CHB	EAS
NA18614	5.78838	-12.1709	2.39018	-8.64063	-7.62229	2.12542	2.91847	5.3896	9.64243	-12.8144	CHB	EAS
NA18615	10.6952	-11.3827	-7.12299	0.716997	-1.54304	3.10042	6.29726	9.76629	2.7176	5.76922	CHB	EAS
NA18616	2.69016	-5.36573	-9.29739	-5.2668	7.08914	-1.41781	0.844913	-0.171244	1.22575	5.95877	CHB	EAS
NA18617	-0.449115	-7.86753	17.8299	9.03618	9.29534	1.40544	-11.1013	3.75648	-8.76857	6.30705	CHB	EAS
NA18618	12.7203	-10.7382	-3.15014	0.314354	-1.14455	3.33491	5.54825	2.1504	0.709854	2.48063	CHB	EAS
NA18619	11.5743	-16.427	-14.3179	-4.47812	-0.939973	2.44873	-5.69277	6.695	9.28372	14.1353	CHB	EAS
NA18620	9.0477	-11.7963	13.9448	-2.53711	-7.15408	2.82935	18.1564	-4.37337	-7.73049	-7.74315	CHB	EAS
NA18621	12.0585	-13.3539	-8.07254	-2.24987	-3.17321	-1.55664	-0.174507	-10.3366	-1.64474	-2.33436	CHB	EAS
NA18622	5.85495	-11.1644	6.99352	-4.13326	-10.3237	8.39942	0.737672	-3.92655	1.31192	1.41727	CHB	EAS
NA18623	13.4332	-10.4037	-0.264682	-1.97715	-0.951283	0.80338	-5.55915	5.3808	6.9112	4.04232	CHB	EAS
NA18624	6.91518	-12.6032	-7.6807	-3.55486	-0.657952	-2.65145	8.0059	-6.49201	3.44066	2.03102	CHB	EAS
NA18625	11.2643	-11.4926	-7.49323	-5.19683	-10.7061	0.231848	3.5931	-5.47642	-8.03653	4.56104	CHB	EAS
NA18626	11.0144	-11.2434	-5.86882	4.5178	-8.20682	3.05357	3.51042	4.135	-7.33978	4.06401	CHB	EAS
NA18627	2.30624	-6.78711	1.72759	9.11387	-2.72009	-4.15907	1.55385	2.44683	-0.885341	9.58486	CHB	EAS
NA18628	-10.4052	2.45175	2.28215	0.702338	-9.12533	-4.20577	4.43474	-8.70018	-4.28364	8.09158	CHB	EAS
NA18629	3.18939	-10.1276	-4.43481	0.789883	4.12732	-0.332645	4.29137	-8.6435	-8.52692	-5.33818	CHB	EAS
NA18630	-3.60619	-2.14413	-3.03719	-1.7715	-1.31043	8.66769	-2.43229	5.23907	-7.78809	1.0784	CHB	EAS
NA18631	3.5147	-9.95802	-4.83243	7.16062	1.96813	-3.85019	-0.357849	-8.49219	-0.50309	8.9567	CHB	EAS
NA18632	-0.734723	-8.36798	3.84122	4.25312	0.406116	5.43084	4.96085	3.46094	-1.51346	-6.79778	CHB	EAS
NA18633	10.199	-7.59893	6.09155	-2.21228	7.59485	6.66468	-5.16386	-3.76374	-2.83206	-1.91061	CHB	EAS
NA18634	2.9008	-8.41275	2.14349	4.55516	12.6768	2.7936	1.85701	-8.02035	4.10608	11.5724	CHB	EAS
NA18635	11.0329	-10.776	1.74864	-2.42829	1.97609	-2.24166	-1.37175	-18.5999	6.34871	1.00025	CHB	EAS
NA18636	-2.90419	-1.04274	7.33332	4.57338	23.9553	5.65026	-5.22718	-8.20068	15.3684	2.28646	CHB	EAS
NA18637	3.31998	-10.4942	0.561965	-6.15895	8.26981	-0.451804	-0.781167	1.62262	-1.25003	-5.03104	CHB	EAS
NA18638	4.08145	-8.03021	-7.73776	-4.02219	-0.96923	-0.970304	-1.43057	2.86967	8.35676	7.15344	CHB	EAS
NA18639	-0.336219	-7.14808	-6.78057	-3.51012	-7.46378	-2.94541	0.11115	-4.37733	2.03243	-4.31932	CHB	EAS
NA18640	10.6731	-14.9972	-7.83207	-5.60843	-5.39844	-5.01542	8.85697	-7.99793	5.5479	-1.13451	CHB	EAS
NA18641	4.90842	-12.9331	5.18036	-6.45815	-0.556446	4.59235	0.0222464	-9.75821	1.37434	-17.0857	CHB	EAS
NA18642	10.3896	-8.94504	-7.92727	-14.9582	-5.33965	7.27949	-3.35521	-3.67573	-11.4778	-0.358779	CHB	EAS
NA18643	12.3269	-16.3016	-1.69039	3.23674	-1.77984	4.76239	6.35496	-1.61438	-12.2842	9.79923	CHB	EAS
NA18644	3.99863	-10.523	12.9041	-1.7053	8.26947	11.8214	5.03427	5.49262	-2.55335	4.75492	CHB	EAS
NA18645	0.971423	-13.4598	0.508162	3.95767	-1.16441	-10.9439	7.72304	10.5789	4.33212	-3.20315	CHB	EAS
NA18646	9.26942	-15.2287	-6.64163	4.12031	-4.60782	5.20963	-4.18512	-12.1502	-0.955865	5.96643	CHB	EAS
NA18647	12.9737	-13.8699	-3.24248	-2.51882	-5.9929	-0.960395	-18.4182	11.5241	9.82023	-14.4212	CHB	EAS
NA18648	9.60254	-17.2743	1.28596	-7.05162	-14.4752	4.94006	1.8068	3.24937	2.08743	-1.77107	CHB	EAS
NA18740	-1.77227	-1.42685	0.923344	4.63505	1.90848	5.79939	-6.71859	10.5257	-11.3432	4.81935	CHB	EAS
NA18745	14.1296	-14.0315	2.55724	-2.89052	-2.65592	9.93461	-0.354178	4.14483	-3.50903	0.815207	CHB	EAS
NA18747	5.39911	-8.30592	-13.2151	-5.09258	3.51024	2.93216	-0.19391	4.76845	1.83943	5.10361	CHB	EAS
NA18748	0.758161	-10.2151	-2.42984	1.54362	5.01944	-17.3819	-10.8706	-5.76543	5.576	-13.7993	CHB	EAS
NA18749	11.7517	-12.6684	-3.43133	1.01607	-9.06047	19.6563	-5.67156	0.484856	3.51592	1.29737	CHB	EAS
NA18757	12.5808	-15.4466	19.58	2.7697	0.857836	3.7399	0.733156	-16.2165	3.12445	0.339346	CHB	EAS
NA18939	26.6133	15.2632	-3.96464	4.62822	-3.33154	-3.7187	4.79474	-6.37953	11.4794	5.9067	JPT	EAS
NA18940	25.8287	16.3424	9.92091	10.4582	9.66299	10.5838	4.79981	-16.0026	19.2984	-5.00192	JPT	EAS
NA18941	25.7175	17.9939	11.401	-0.684323	5.30738	-3.03941	-10.4318	-6.11943	1.35964	-6.80177	JPT	EAS
NA18942	25.1476	12.3077	1.95392	5.13888	-4.97896	-6.8968	4.20001	3.41745	8.30811	-2.02939	JPT	EAS
NA18943	18.3097	13.1899	-0.114505	-6.81778	7.73732	-2.11236	2.71855	-11.8312	-8.29059	4.47165	JPT	EAS
NA18944	29.8574	17.4193	7.87432	-2.45659	-5.04583	1.2921	-4.81724	8.62411	-0.893524	-9.01128	JPT	EAS
NA18945	26.7847	16.2511	-6.22394	4.35575	11.3906	5.06132	10.9983	0.614428	-6.38023	-0.778209	JPT	EAS
NA18946	24.9761	14.5004	6.44212	-11.9882	1.66799	-0.451649	-0.361838	0.790794	2.32829	3.60141	JPT	EAS
NA18947	26.2215	19.4422	-3.85361	-0.521318	-1.14707	2.95119	-15.0337	2.36623	-0.982663	-6.77839	JPT	EAS
NA18948	27.2925	16.3773	-7.09703	-1.72261	10.0145	-5.60662	-3.24472	3.25049	0.945845	-3.32371	JPT	EAS
NA18949	28.809	21.5648	-4.31066	-0.698429	6.35561	-6.28612	0.551124	-8.62297	-4.96783	-12.5352	JPT	EAS
NA18950	25.4382	14.0212	-4.64291	-10.6598	-2.68961	9.04893	-0.139697	4.95138	-2.93465	2.46632	JPT	EAS
NA18951	22.8486	14.3927	4.74198	8.98401	0.419947	7.57717	15.8665	-0.833654	8.58846	-3.95452	JPT	EAS
NA18952	22.6261	12.6559	-10.4884	2.22262	9.09184	6.11846	-5.55195	10.1535	-1.56236	2.0466	JPT	EAS
NA18953	24.1263	13.2948	14.2171	-1.6394	-4.38531	-3.74185	-1.54003	-14.8276	-8.73425	4.75288	JPT	EAS
NA18954	19.3586	12.2739	11.1154	6.30342	-2.40669	13.0606	0.65575	-5.62272	0.206946	-5.33673	JPT	EAS
NA18956	29.4411	15.2932	-5.93948	0.253853	2.33007	-2.29842	-7.93381	-2.73238	-6.79207	2.80236	JPT	EAS
NA18957	27.897	16.4508	-1.29962	-1.63889	4.05404	-2.17929	9.70997	0.441974	4.29909	-1.12548	JPT	EAS
NA18959	25.9608	11.7538	7.52383	0.459091	3.86933	-4.58602	9.80397	2.64478	-3.01003	-1.90522	JPT	EAS
NA18960	25.9633	13.9821	-1.31166	-2.66014	5.05851	-0.626621	-12.7601	0.435423	10.5437	-8.31075	JPT	EAS
NA18961	26.2335	17.5819	12.1896	5.15269	-7.27717	-18.3474	3.4449	-7.44203	3.29373	-1.73638	JPT	EAS
NA18962	27.0415	13.7713	0.232018	2.78325	-6.80678	8.54564	4.84232	8.03478	9.85258	-2.13736	JPT	EAS
NA18963	25.0337	16.0208	0.62139	-4.15669	6.8853	-0.703675	-6.38969	-4.86721	0.861759	2.19247	JPT	EAS
NA18964	25.2217	19.7198	-3.35962	-6.85146	-3.46937	-1.76875	0.384286	4.2595	-0.996235	3.81706	JPT	EAS
NA18965	24.1027	12.1202	-3.16418	-4.83849	0.79758	-6.91944	6.01093	-1.34866	14.9479	-4.66502	JPT	EAS
NA18966	29.9828	15.608	-7.41723	5.04703	-1.95791	1.6596	-1.32876	-0.0244807	2.05509	-1.72813	JPT	EAS
NA18967	24.6611	16.0361	-1.1057	-2.47858	-4.45861	-1.11005	2.72492	-7.44666	-5.06877	-0.0817166	JPT	EAS
NA18968	25.5351	16.5792	-4.95855	2.53789	9.57111	-13.8438	13.1124	7.02297	4.44283	1.80942	JPT	EAS
NA18969	27.6051	14.1568	-12.7128	-2.50611	-1.38877	-3.35964	-0.324573	6.51852	4.60919	0.481479	JPT	EAS
NA18970	25.7405	17.7535	13.4398	7.89155	2.95356	2.91802	6.32889	2.53929	-0.94149	-6.40082	JPT	EAS
NA18971	24.1268	12.4583	1.0413	-10.2205	-2.02598	-4.83493	-8.6724	2.7226	3.87568	2.0234	JPT	EAS
NA18972	25.838	11.5879	3.80189	2.11073	-7.94302	-0.580037	-5.53223	-4.91663	7.38971	1.13352	JPT	EAS
NA18973	25.7652	17.6013	2.09407	3.27313	10.5189	-10.4524	3.84696	-8.02216	-9.90655	-3.3461	JPT	EAS
NA18974	23.3379	12.5825	11.2123	6.08563	8.45705	-0.405309	-3.69865	-12.7704	0.43689	-5.94007	JPT	EAS
NA18975	28.7114	14.9573	0.950521	9.66941	4.1881	-8.2842	0.322599	-20.5585	-2.97832	10.1169	JPT	EAS
NA18976	19.8342	0.399609	6.60364	0.57945	-13.7652	-3.39845	-2.996	-12.3462	-6.94918	-9.21614	JPT	EAS
NA18977	25.2585	17.1656	7.49205	6.20067	-2.68124	-12.3571	-6.65511	6.87043	-7.33821	0.172488	JPT	EAS
NA18978	26.8441	16.8442	2.92224	-0.421989	-6.70111	-1.78338	2.89495	7.47038	-11.1889	2.16827	JPT	EAS
NA18979	24.7684	11.4077	-10.6029	0.158525	3.95948	-1.48504	11.0355	10.8437	0.845083	-3.71609	JPT	EAS
NA18980	23.3236	9.6651	-6.75582	6.21391	1.29258	-0.228787	-7.52352	3.71349	4.46177	-4.65564	JPT	EAS
NA18981	23.6899	17.5206	10.9667	9.53045	-2.75586	9.83715	-2.02859	-5.2764	-4.81429	-8.18792	JPT	EAS
NA18982	21.9854	12.6494	-6.41817	-9.09274	-14.0052	1.80155	16.181	-3.85826	-4.62024	-10.9496	JPT	EAS
NA18983	27.0979	17.2756	-1.89222	1.98227	3.76991	2.16521	0.0691156	8.49913	-9.42575	12.7081	JPT	EAS
NA18984	26.9137	18.6478	-8.13244	0.0502952	6.82062	8.20766	-7.88992	1.41888	-3.77574	-1.6491	JPT	EAS
NA18985	26.8597	10.3627	-7.28118	-1.21582	6.22636	-2.09664	4.76528	-1.10335	-8.81048	3.72142	JPT	EAS
NA18986	26.8017	17.6294	1.83254	-7.79016	-4.67455	0.336607	-8.39736	9.25376	-6.47966	-3.79358	JPT	EAS
NA18987	23.8655	12.8697	-5.42569	-8.25336	-10.6427	10.9488	4.33522	5.47486	-6.12081	3.27282	JPT	EAS
NA18988	25.9841	14.7201	10.8082	0.341575	9.82085	23.418	8.22574	1.6335	7.05465	5.0648	JPT	EAS
NA18989	26.1862	14.0391	-7.10773	-0.158128	8.37164	7.59861	11.8613	-4.41713	12.1882	-5.75407	JPT	EAS
NA18990	22.6832	8.42342	10.6749	4.68609	6.03726	9.19684	-1.99924	6.97933	1.41533	-1.16827	JPT	EAS
NA18991	26.6493	13.6618	11.3435	4.9279	5.93463	-7.31162	-5.97039	-5.51005	0.135312	12.6399	JPT	EAS
NA18992	27.4279	16.8884	-10.1737	6.8496	3.99225	-3.00551	-22.1607	-5.64177	-13.8659	-4.17051	JPT	EAS
NA18993	24.6299	11.8525	8.88804	1.80168	2.8796	-0.627867	8.22609	-3.66293	-1.82572	2.90681	JPT	EAS
NA18994	28.0277	11.8771	3.00742	-5.15988	-4.24221	-1.36729	2.3374	-3.42203	13.9941	-0.854004	JPT	EAS
NA18995	26.5241	13.6094	-6.37264	-8.04839	-10.7902	-4.67322	-1.19458	4.15071	-6.29881	-18.6472	JPT	EAS
NA18997	25.367	11.6657	-9.38332	14.4562	6.11595	1.77573	1.67977	-1.2966	-4.34026	2.03081	JPT	EAS
NA18998	27.4557	14.3857	-6.97909	-4.40035	-0.470422	5.84472	-10.0477	17.5857	-2.39412	4.76148	JPT	EAS
NA18999	22.917	15.3293	6.52651	-1.57457	-1.78173	-9.54792	-4.27227	-4.41888	-2.98245	4.36542	JPT	EAS
NA19000	26.6164	17.6979	-6.93409	-12.0994	-2.89659	-1.30026	-1.93527	10.3207	4.10496	1.27889	JPT	EAS
NA19001	25.7984	11.0683	-2.75487	-1.46054	-3.4509	10.2957	0.816582	1.01745	2.0655	-0.377601	JPT	EAS
NA19002	25.0412	16.7373	-9.11452	-3.1443	-6.22502	2.78707	4.01665	-6.08031	-5.00951	1.18301	JPT	EAS
NA19003	28.2993	13.2423	-1.12268	5.74104	-7.60271	-7.55654	-1.33203	0.127113	-5.1615	13.4752	JPT	EAS
NA19004	24.0358	15.35	-5.76724	-7.3858	-9.07031	-2.2992	5.9167	2.47872	-1.92021	-1.34954	JPT	EAS
NA19005	25.6571	10.3217	-7.63104	-6.5079	1.19139	-6.99586	1.65557	4.29219	9.72847	6.36685	JPT	EAS
NA19006	27.7738	15.0891	-12.4864	-3.3054	-3.71387	-1.28019	2.80158	-3.91226	-9.0795	0.791129	JPT	EAS
NA19007	24.1628	17.7136	2.91738	6.26819	-0.0658423	-2.249	3.03671	2.04394	-8.95876	-0.829285	JPT	EAS
NA19009	23.3515	7.69759	-4.12281	-5.71223	7.5403	-16.6425	4.97689	2.56508	11.3304	-9.03243	JPT	EAS
NA19010	26.6435	14.415	2.68042	-1.80001	5.07252	3.88504	12.1972	5.75197	0.358982	-4.82249	JPT	EAS
NA19011	28.2434	22.0404	12.7878	-4.42071	-8.05334	-1.24754	-1.21754	7.4489	-7.78447	-7.64139	JPT	EAS
NA19012	28.3144	20.1447	26.3131	12.1655	17.8249	26.3507	-16.0692	10.9801	19.7894	11.049	JPT	EAS
NA19054	27.1056	16.0092	-13.0596	-6.66746	-4.38628	-1.40513	-2.48551	8.81509	7.44584	-4.81721	JPT	EAS
NA19055	26.6978	11.8538	-3.91961	-3.84164	-6.75085	0.884062	-1.68973	0.636106	1.24676	-5.37451	JPT	EAS
NA19056	27.8995	18.1639	1.22239	4.99229	12.6092	5.41379	2.34828	-8.51533	-6.0383	0.506682	JPT	EAS
NA19057	25.3557	16.3434	-0.607006	4.20532	0.119878	-17.7893	9.68702	7.07921	-3.93254	-2.3655	JPT	EAS
NA19058	26.2359	15.3131	-5.19885	-1.08539	-8.06753	0.12336	-1.12749	-4.40285	1.59351	-3.28854	JPT	EAS
NA19059	27.4063	17.8417	13.3769	6.72353	-4.02114	8.04615	-7.55248	6.21255	-9.94602	-12.3788	JPT	EAS
NA19060	28.3318	14.1877	-12.8302	-1.53089	-0.838027	-12.0468	-7.56483	6.86366	-12.4577	-9.2049	JPT	EAS
NA19062	23.9238	12.5482	7.01233	7.15908	4.75846	-10.2338	3.25282	-2.11925	2.79052	-2.33086	JPT	EAS
NA19063	24.1126	19.7309	-5.68377	-5.07154	6.62689	-1.03861	-4.4545	-8.94905	-6.17496	-1.1582	JPT	EAS
NA19064	25.0524	12.113	0.233309	-4.45839	-5.54695	1.93099	-4.80651	8.33762	-10.1757	0.790133	JPT	EAS
NA19065	28.0736	15.9028	-1.55516	-0.540942	-5.24864	-3.0504	4.90979	-5.04113	3.25423	22.0066	JPT	EAS
NA19066	26.2038	16.0989	7.00953	3.51205	12.3582	6.71528	2.20449	-6.14761	16.1663	7.06336	JPT	EAS
NA19067	26.1105	16.5631	-11.3678	-8.15379	-4.77945	5.52792	-2.29138	-3.74541	8.13727	-0.220341	JPT	EAS
NA19068	21.369	12.2729	-2.11922	-1.23903	7.48843	6.8312	9.89763	1.06201	7.1931	-4.85068	JPT	EAS
NA19070	22.9124	9.64317	5.51241	2.54079	-3.65869	-8.43985	1.9402	-15.1956	1.60989	0.784273	JPT	EAS
NA19072	25.6528	9.80161	12.0499	1.62736	4.07932	-11.8026	3.31768	-1.92994	13.165	-8.96704	JPT	EAS
NA19074	23.1387	13.7884	-11.8018	-5.64928	1.60229	-3.36211	-2.70347	1.41244	-9.52391	3.75485	JPT	EAS
NA19075	23.1974	14.2716	-4.39301	0.808791	3.93315	-6.7056	-7.0055	-2.76575	-2.25386	1.72717	JPT	EAS
NA19076	24.9346	13.7672	1.69851	8.9024	-0.315745	-5.74034	9.72337	0.435503	-6.30255	1.77365	JPT	EAS
NA19077	24.4725	16.3075	-2.00895	6.41837	-7.40919	1.51318	-1.47184	-8.52532	-4.26667	6.13716	JPT	EAS
NA19078	27.0667	16.8386	-1.73744	-0.513618	-9.187	-7.92726	3.34176	5.61627	-7.64798	-3.28105	JPT	EAS
NA19079	24.002	14.5479	15.442	1.75573	3.16058	0.587828	-2.18484	-8.38023	1.57788	-10.6581	JPT	EAS
NA19080	25.5602	12.3836	-10.4289	-2.08953	0.117886	-6.61634	2.87907	0.704184	5.05046	10.3137	JPT	EAS
NA19081	26.4322	14.4017	-3.54247	-12.301	-12.3902	6.99839	-2.99026	-4.189	-2.86301	-0.796252	JPT	EAS
NA19082	24.8789	10.8234	5.61908	-2.85987	-1.64757	11.0427	8.56421	0.236041	3.30717	-2.07186	JPT	EAS
NA19083	26.6784	16.2116	-0.655772	-6.31246	-4.62024	-11.1085	-1.80706	8.05035	-5.9582	-8.91407	JPT	EAS
NA19084	24.8517	11.2361	4.78177	-2.30246	-5.94704	3.41597	-8.8148	0.421753	2.78897	-2.48313	JPT	EAS
NA19085	25.0805	17.6529	1.18628	5.90808	-2.01675	1.88421	0.868078	-5.50964	11.4049	14.4496	JPT	EAS
NA19086	27.4418	13.9262	0.761208	-5.74632	0.518687	10.0049	12.212	-1.51148	0.287238	9.55136	JPT	EAS
NA19087	24.673	10.5159	6.28696	3.8686	-4.73134	0.0493177	7.96839	4.50402	4.65758	13.1835	JPT	EAS
NA19088	25.2689	14.1635	5.91955	1.87799	-7.35851	-2.85942	2.24812	-1.04248	-6.20192	-2.73073	JPT	EAS
NA19089	26.2716	14.431	3.95812	-0.699332	1.03864	1.53511	-1.03993	-2.17074	1.75611	3.28294	JPT	EAS
NA19090	24.2084	11.4711	-0.310365	3.00388	7.80657	0.327569	0.179045	-4.66316	2.06142	11.2851	JPT	EAS
NA19091	27.3359	19.4872	8.65771	-0.481234	-4.35381	1.61189	0.796078	10.6719	3.97493	23.584	JPT	EAS
