permutation_id	odds_ratio	p_value	class
1	6.3172653423036325	0	cs_mpra_hit
2	5.908386430767324	0	cs_mpra_hit
3	5.972938240322315	0	cs_mpra_hit
4	5.959919145336419	0	cs_mpra_hit
5	5.908386430767324	0	cs_mpra_hit
6	5.972938240322315	0	cs_mpra_hit
7	6.16114984652851	0	cs_mpra_hit
8	5.746692826709203	0	cs_mpra_hit
9	6.119860476675262	0	cs_mpra_hit
10	5.870298268840209	0	cs_mpra_hit
11	5.771010249696144	0	cs_mpra_hit
12	6.4482640497964985	0	cs_mpra_hit
13	5.651368806112322	0	cs_mpra_hit
14	5.870298268840209	0	cs_mpra_hit
15	5.309122041407445	1.3185e-319	cs_mpra_hit
16	6.403183957540726	0	cs_mpra_hit
17	5.895637469515188	0	cs_mpra_hit
18	6.331837859624191	0	cs_mpra_hit
19	6.0656332847262515	0	cs_mpra_hit
20	5.895637469515188	0	cs_mpra_hit
21	5.870298268840209	0	cs_mpra_hit
22	6.119860476675262	0	cs_mpra_hit
23	6.16114984652851	0	cs_mpra_hit
24	6.3172653423036325	0	cs_mpra_hit
25	5.972938240322315	0	cs_mpra_hit
26	5.908386430767324	0	cs_mpra_hit
27	5.9991419487744695	0	cs_mpra_hit
28	6.478660424030478	0	cs_mpra_hit
29	6.3172653423036325	0	cs_mpra_hit
30	5.832681363566578	0	cs_mpra_hit
31	6.119860476675262	0	cs_mpra_hit
32	5.8451685110570555	0	cs_mpra_hit
33	5.710585190340611	0	cs_mpra_hit
34	5.895637469515188	0	cs_mpra_hit
35	6.052221342596064	0	cs_mpra_hit
36	6.079102796164052	0	cs_mpra_hit
37	5.758826771539013	0	cs_mpra_hit
38	5.895637469515188	0	cs_mpra_hit
39	6.273934719704755	0	cs_mpra_hit
40	5.746692826709203	0	cs_mpra_hit
41	6.133564011852244	0	cs_mpra_hit
42	5.9991419487744695	0	cs_mpra_hit
43	6.346475586595096	0	cs_mpra_hit
44	6.555879503723331	0	cs_mpra_hit
45	5.6048417732177525	0	cs_mpra_hit
46	6.0656332847262515	0	cs_mpra_hit
47	5.80786093530791	0	cs_mpra_hit
48	5.857707372194665	0	cs_mpra_hit
49	5.946954759535363	0	cs_mpra_hit
50	6.346475586595096	0	cs_mpra_hit
51	6.478660424030478	0	cs_mpra_hit
52	5.908386430767324	0	cs_mpra_hit
53	5.870298268840209	0	cs_mpra_hit
54	6.650928818806935	0	cs_mpra_hit
55	5.663117132798279	0	cs_mpra_hit
56	6.092630248339464	0	cs_mpra_hit
57	6.403183957540726	0	cs_mpra_hit
58	6.418142679692428	0	cs_mpra_hit
59	6.346475586595096	0	cs_mpra_hit
60	6.147327005870529	0	cs_mpra_hit
61	5.908386430767324	0	cs_mpra_hit
62	5.986012391489006	0	cs_mpra_hit
63	6.433169223013471	0	cs_mpra_hit
64	5.593325198619852	0	cs_mpra_hit
65	6.0255686963516775	0	cs_mpra_hit
66	6.038866601512858	0	cs_mpra_hit
67	5.820245610512705	0	cs_mpra_hit
68	6.361178961896415	0	cs_mpra_hit
69	5.79552702396086	0	cs_mpra_hit
70	6.21704755064505	0	cs_mpra_hit
71	6.509335585860072	0	cs_mpra_hit
72	5.895637469515188	0	cs_mpra_hit
73	5.959919145336419	0	cs_mpra_hit
74	6.092630248339464	0	cs_mpra_hit
75	6.133564011852244	0	cs_mpra_hit
76	6.012327265089955	0	cs_mpra_hit
77	5.820245610512705	0	cs_mpra_hit
78	5.9991419487744695	0	cs_mpra_hit
79	6.361178961896415	0	cs_mpra_hit
80	6.16114984652851	0	cs_mpra_hit
81	6.0656332847262515	0	cs_mpra_hit
82	6.2883142013568145	0	cs_mpra_hit
83	6.375948428153476	0	cs_mpra_hit
84	6.25961873156654	0	cs_mpra_hit
85	6.748686599424423	0	cs_mpra_hit
86	6.493962917323345	0	cs_mpra_hit
87	6.346475586595096	0	cs_mpra_hit
88	5.895637469515188	0	cs_mpra_hit
89	6.133564011852244	0	cs_mpra_hit
90	6.10621601588597	0	cs_mpra_hit
91	5.870298268840209	0	cs_mpra_hit
92	5.908386430767324	0	cs_mpra_hit
93	6.302757599854699	0	cs_mpra_hit
94	6.16114984652851	0	cs_mpra_hit
95	6.16114984652851	0	cs_mpra_hit
96	5.820245610512705	0	cs_mpra_hit
97	5.921188742029571	0	cs_mpra_hit
98	6.147327005870529	0	cs_mpra_hit
99	6.188976635899869	0	cs_mpra_hit
100	6.133564011852244	0	cs_mpra_hit
101	5.8451685110570555	0	cs_mpra_hit
102	6.133564011852244	0	cs_mpra_hit
103	6.052221342596064	0	cs_mpra_hit
104	6.3172653423036325	0	cs_mpra_hit
105	6.202981377264095	0	cs_mpra_hit
106	5.616404146502067	0	cs_mpra_hit
107	5.9991419487744695	0	cs_mpra_hit
108	6.555879503723331	0	cs_mpra_hit
109	6.2883142013568145	0	cs_mpra_hit
110	6.147327005870529	0	cs_mpra_hit
111	6.119860476675262	0	cs_mpra_hit
112	5.734608113804116	0	cs_mpra_hit
113	5.525172468026036	0	cs_mpra_hit
114	5.921188742029571	0	cs_mpra_hit
115	6.25961873156654	0	cs_mpra_hit
116	6.2311755611212325	0	cs_mpra_hit
117	6.25961873156654	0	cs_mpra_hit
118	6.25961873156654	0	cs_mpra_hit
119	6.21704755064505	0	cs_mpra_hit
120	5.921188742029571	0	cs_mpra_hit
121	6.10621601588597	0	cs_mpra_hit
122	6.478660424030478	0	cs_mpra_hit
123	5.895637469515188	0	cs_mpra_hit
124	5.783243565049749	0	cs_mpra_hit
125	6.133564011852244	0	cs_mpra_hit
126	6.0255686963516775	0	cs_mpra_hit
127	5.513969000647764	0	cs_mpra_hit
128	5.946954759535363	0	cs_mpra_hit
129	5.857707372194665	0	cs_mpra_hit
130	6.147327005870529	0	cs_mpra_hit
131	5.921188742029571	0	cs_mpra_hit
132	6.0656332847262515	0	cs_mpra_hit
133	6.0656332847262515	0	cs_mpra_hit
134	5.986012391489006	0	cs_mpra_hit
135	5.9340447388344595	0	cs_mpra_hit
136	6.079102796164052	0	cs_mpra_hit
137	6.509335585860072	0	cs_mpra_hit
138	6.683208141585409	0	cs_mpra_hit
139	6.245365817341916	0	cs_mpra_hit
140	6.038866601512858	0	cs_mpra_hit
141	6.052221342596064	0	cs_mpra_hit
142	6.1750329250057465	0	cs_mpra_hit
143	5.771010249696144	0	cs_mpra_hit
144	6.0255686963516775	0	cs_mpra_hit
145	5.758826771539013	0	cs_mpra_hit
146	6.0255686963516775	0	cs_mpra_hit
147	6.188976635899869	0	cs_mpra_hit
148	6.079102796164052	0	cs_mpra_hit
149	6.16114984652851	0	cs_mpra_hit
150	6.331837859624191	0	cs_mpra_hit
151	5.746692826709203	0	cs_mpra_hit
152	5.832681363566578	0	cs_mpra_hit
153	6.16114984652851	0	cs_mpra_hit
154	5.8451685110570555	0	cs_mpra_hit
155	5.921188742029571	0	cs_mpra_hit
156	6.478660424030478	0	cs_mpra_hit
157	6.133564011852244	0	cs_mpra_hit
158	6.25961873156654	0	cs_mpra_hit
159	6.273934719704755	0	cs_mpra_hit
160	5.972938240322315	0	cs_mpra_hit
161	6.0255686963516775	0	cs_mpra_hit
162	5.771010249696144	0	cs_mpra_hit
163	5.972938240322315	0	cs_mpra_hit
164	6.092630248339464	0	cs_mpra_hit
165	5.710585190340611	0	cs_mpra_hit
166	5.986012391489006	0	cs_mpra_hit
167	6.273934719704755	0	cs_mpra_hit
168	5.972938240322315	0	cs_mpra_hit
169	5.9340447388344595	0	cs_mpra_hit
170	5.972938240322315	0	cs_mpra_hit
171	6.245365817341916	0	cs_mpra_hit
172	5.921188742029571	0	cs_mpra_hit
173	5.8829415255322655	0	cs_mpra_hit
174	5.946954759535363	0	cs_mpra_hit
175	5.9340447388344595	0	cs_mpra_hit
176	6.133564011852244	0	cs_mpra_hit
177	6.2311755611212325	0	cs_mpra_hit
178	6.119860476675262	0	cs_mpra_hit
179	6.2311755611212325	0	cs_mpra_hit
180	6.10621601588597	0	cs_mpra_hit
181	6.012327265089955	0	cs_mpra_hit
182	6.10621601588597	0	cs_mpra_hit
183	6.147327005870529	0	cs_mpra_hit
184	6.509335585860072	0	cs_mpra_hit
185	6.079102796164052	0	cs_mpra_hit
186	6.1750329250057465	0	cs_mpra_hit
187	6.478660424030478	0	cs_mpra_hit
188	5.832681363566578	0	cs_mpra_hit
189	6.463427626546781	0	cs_mpra_hit
190	6.21704755064505	0	cs_mpra_hit
191	6.273934719704755	0	cs_mpra_hit
192	5.895637469515188	0	cs_mpra_hit
193	6.0656332847262515	0	cs_mpra_hit
194	6.509335585860072	0	cs_mpra_hit
195	5.9991419487744695	0	cs_mpra_hit
196	6.571537756531617	0	cs_mpra_hit
197	5.8451685110570555	0	cs_mpra_hit
198	5.946954759535363	0	cs_mpra_hit
199	6.375948428153476	0	cs_mpra_hit
200	5.6048417732177525	0	cs_mpra_hit
201	5.80786093530791	0	cs_mpra_hit
202	5.8829415255322655	0	cs_mpra_hit
203	6.16114984652851	0	cs_mpra_hit
204	6.079102796164052	0	cs_mpra_hit
205	5.832681363566578	0	cs_mpra_hit
206	6.331837859624191	0	cs_mpra_hit
207	6.418142679692428	0	cs_mpra_hit
208	6.0255686963516775	0	cs_mpra_hit
209	5.8451685110570555	0	cs_mpra_hit
210	6.331837859624191	0	cs_mpra_hit
211	5.8829415255322655	0	cs_mpra_hit
212	6.052221342596064	0	cs_mpra_hit
213	5.986012391489006	0	cs_mpra_hit
214	6.3882925984311125	0	cs_mpra_hit
215	5.959919145336419	0	cs_mpra_hit
216	5.593325198619852	0	cs_mpra_hit
217	6.2311755611212325	0	cs_mpra_hit
218	5.9991419487744695	0	cs_mpra_hit
219	5.746692826709203	0	cs_mpra_hit
220	5.857707372194665	0	cs_mpra_hit
221	6.0656332847262515	0	cs_mpra_hit
222	6.273934719704755	0	cs_mpra_hit
223	6.433169223013471	0	cs_mpra_hit
224	5.6280125921415705	0	cs_mpra_hit
225	6.119860476675262	0	cs_mpra_hit
226	5.921188742029571	0	cs_mpra_hit
227	6.2883142013568145	0	cs_mpra_hit
228	6.092630248339464	0	cs_mpra_hit
229	6.25961873156654	0	cs_mpra_hit
230	6.25961873156654	0	cs_mpra_hit
231	5.351020006084797	1.62e-321	cs_mpra_hit
232	5.686755638316837	0	cs_mpra_hit
233	6.202981377264095	0	cs_mpra_hit
234	6.555879503723331	0	cs_mpra_hit
235	5.832681363566578	0	cs_mpra_hit
236	6.052221342596064	0	cs_mpra_hit
237	5.972938240322315	0	cs_mpra_hit
238	6.3882925984311125	0	cs_mpra_hit
239	6.0255686963516775	0	cs_mpra_hit
240	5.870298268840209	0	cs_mpra_hit
241	6.038866601512858	0	cs_mpra_hit
242	5.908386430767324	0	cs_mpra_hit
243	6.079102796164052	0	cs_mpra_hit
244	6.21704755064505	0	cs_mpra_hit
245	5.972938240322315	0	cs_mpra_hit
246	6.147327005870529	0	cs_mpra_hit
247	6.245365817341916	0	cs_mpra_hit
248	5.946954759535363	0	cs_mpra_hit
249	5.986012391489006	0	cs_mpra_hit
250	5.986012391489006	0	cs_mpra_hit
251	6.0656332847262515	0	cs_mpra_hit
252	6.1750329250057465	0	cs_mpra_hit
253	5.686755638316837	0	cs_mpra_hit
254	6.3172653423036325	0	cs_mpra_hit
255	6.133564011852244	0	cs_mpra_hit
256	6.667030604415071	0	cs_mpra_hit
257	5.593325198619852	0	cs_mpra_hit
258	6.1750329250057465	0	cs_mpra_hit
259	6.16114984652851	0	cs_mpra_hit
260	6.202981377264095	0	cs_mpra_hit
261	6.133564011852244	0	cs_mpra_hit
262	5.870298268840209	0	cs_mpra_hit
263	6.25961873156654	0	cs_mpra_hit
264	6.433169223013471	0	cs_mpra_hit
265	6.4482640497964985	0	cs_mpra_hit
266	6.493962917323345	0	cs_mpra_hit
267	5.9991419487744695	0	cs_mpra_hit
268	6.0255686963516775	0	cs_mpra_hit
269	5.80786093530791	0	cs_mpra_hit
270	6.509335585860072	0	cs_mpra_hit
271	5.6280125921415705	0	cs_mpra_hit
272	6.634902253911777	0	cs_mpra_hit
273	6.3882925984311125	0	cs_mpra_hit
274	6.079102796164052	0	cs_mpra_hit
275	6.012327265089955	0	cs_mpra_hit
276	5.79552702396086	0	cs_mpra_hit
277	6.952804247217185	0	cs_mpra_hit
278	5.946954759535363	0	cs_mpra_hit
279	5.986012391489006	0	cs_mpra_hit
280	6.3882925984311125	0	cs_mpra_hit
281	5.820245610512705	0	cs_mpra_hit
282	6.147327005870529	0	cs_mpra_hit
283	5.436753783701867	0	cs_mpra_hit
284	6.147327005870529	0	cs_mpra_hit
285	6.133564011852244	0	cs_mpra_hit
286	5.9340447388344595	0	cs_mpra_hit
287	5.6986463890864245	0	cs_mpra_hit
288	6.0656332847262515	0	cs_mpra_hit
289	5.959919145336419	0	cs_mpra_hit
290	5.8829415255322655	0	cs_mpra_hit
291	5.946954759535363	0	cs_mpra_hit
292	5.986012391489006	0	cs_mpra_hit
293	6.478660424030478	0	cs_mpra_hit
294	5.6048417732177525	0	cs_mpra_hit
295	6.540293388500575	0	cs_mpra_hit
296	6.361178961896415	0	cs_mpra_hit
297	5.820245610512705	0	cs_mpra_hit
298	5.9991419487744695	0	cs_mpra_hit
299	5.921188742029571	0	cs_mpra_hit
300	6.21704755064505	0	cs_mpra_hit
301	6.25961873156654	0	cs_mpra_hit
302	6.0656332847262515	0	cs_mpra_hit
303	5.921188742029571	0	cs_mpra_hit
304	6.418142679692428	0	cs_mpra_hit
305	6.331837859624191	0	cs_mpra_hit
306	6.092630248339464	0	cs_mpra_hit
307	6.012327265089955	0	cs_mpra_hit
308	6.012327265089955	0	cs_mpra_hit
309	6.012327265089955	0	cs_mpra_hit
310	6.092630248339464	0	cs_mpra_hit
311	6.418142679692428	0	cs_mpra_hit
312	6.188976635899869	0	cs_mpra_hit
313	5.710585190340611	0	cs_mpra_hit
314	6.2311755611212325	0	cs_mpra_hit
315	6.2311755611212325	0	cs_mpra_hit
316	6.188976635899869	0	cs_mpra_hit
317	5.771010249696144	0	cs_mpra_hit
318	5.832681363566578	0	cs_mpra_hit
319	5.8829415255322655	0	cs_mpra_hit
320	5.870298268840209	0	cs_mpra_hit
321	6.245365817341916	0	cs_mpra_hit
322	5.9991419487744695	0	cs_mpra_hit
323	6.052221342596064	0	cs_mpra_hit
324	5.895637469515188	0	cs_mpra_hit
325	6.10621601588597	0	cs_mpra_hit
326	6.375948428153476	0	cs_mpra_hit
327	6.346475586595096	0	cs_mpra_hit
328	5.972938240322315	0	cs_mpra_hit
329	5.895637469515188	0	cs_mpra_hit
330	5.734608113804116	0	cs_mpra_hit
331	6.2883142013568145	0	cs_mpra_hit
332	5.870298268840209	0	cs_mpra_hit
333	6.2311755611212325	0	cs_mpra_hit
334	6.188976635899869	0	cs_mpra_hit
335	6.092630248339464	0	cs_mpra_hit
336	6.092630248339464	0	cs_mpra_hit
337	6.273934719704755	0	cs_mpra_hit
338	6.092630248339464	0	cs_mpra_hit
339	6.133564011852244	0	cs_mpra_hit
340	5.857707372194665	0	cs_mpra_hit
341	6.038866601512858	0	cs_mpra_hit
342	6.0656332847262515	0	cs_mpra_hit
343	6.331837859624191	0	cs_mpra_hit
344	5.986012391489006	0	cs_mpra_hit
345	5.79552702396086	0	cs_mpra_hit
346	6.052221342596064	0	cs_mpra_hit
347	6.25961873156654	0	cs_mpra_hit
348	6.012327265089955	0	cs_mpra_hit
349	6.25961873156654	0	cs_mpra_hit
350	6.302757599854699	0	cs_mpra_hit
351	6.092630248339464	0	cs_mpra_hit
352	5.9991419487744695	0	cs_mpra_hit
353	6.079102796164052	0	cs_mpra_hit
354	6.375948428153476	0	cs_mpra_hit
355	6.273934719704755	0	cs_mpra_hit
356	6.3172653423036325	0	cs_mpra_hit
357	5.870298268840209	0	cs_mpra_hit
358	6.418142679692428	0	cs_mpra_hit
359	6.302757599854699	0	cs_mpra_hit
360	5.8451685110570555	0	cs_mpra_hit
361	6.079102796164052	0	cs_mpra_hit
362	6.798617603764453	0	cs_mpra_hit
363	6.038866601512858	0	cs_mpra_hit
364	6.038866601512858	0	cs_mpra_hit
365	5.8829415255322655	0	cs_mpra_hit
366	5.6280125921415705	0	cs_mpra_hit
367	6.10621601588597	0	cs_mpra_hit
368	5.972938240322315	0	cs_mpra_hit
369	5.663117132798279	0	cs_mpra_hit
370	5.857707372194665	0	cs_mpra_hit
371	5.8829415255322655	0	cs_mpra_hit
372	6.418142679692428	0	cs_mpra_hit
373	5.8451685110570555	0	cs_mpra_hit
374	5.758826771539013	0	cs_mpra_hit
375	6.012327265089955	0	cs_mpra_hit
376	5.986012391489006	0	cs_mpra_hit
377	6.038866601512858	0	cs_mpra_hit
378	6.463427626546781	0	cs_mpra_hit
379	6.3882925984311125	0	cs_mpra_hit
380	5.870298268840209	0	cs_mpra_hit
381	6.0656332847262515	0	cs_mpra_hit
382	5.783243565049749	0	cs_mpra_hit
383	5.832681363566578	0	cs_mpra_hit
384	5.972938240322315	0	cs_mpra_hit
385	5.986012391489006	0	cs_mpra_hit
386	6.25961873156654	0	cs_mpra_hit
387	5.651368806112322	0	cs_mpra_hit
388	5.382863339772619	6e-323	cs_mpra_hit
389	6.2883142013568145	0	cs_mpra_hit
390	6.079102796164052	0	cs_mpra_hit
391	6.0255686963516775	0	cs_mpra_hit
392	5.639667385990852	0	cs_mpra_hit
393	5.570428361608321	0	cs_mpra_hit
394	5.870298268840209	0	cs_mpra_hit
395	5.895637469515188	0	cs_mpra_hit
396	6.302757599854699	0	cs_mpra_hit
397	6.16114984652851	0	cs_mpra_hit
398	6.361178961896415	0	cs_mpra_hit
399	6.1750329250057465	0	cs_mpra_hit
400	6.302757599854699	0	cs_mpra_hit
401	5.436753783701867	0	cs_mpra_hit
402	6.0255686963516775	0	cs_mpra_hit
403	6.16114984652851	0	cs_mpra_hit
404	6.346475586595096	0	cs_mpra_hit
405	6.375948428153476	0	cs_mpra_hit
406	5.79552702396086	0	cs_mpra_hit
407	5.783243565049749	0	cs_mpra_hit
408	6.361178961896415	0	cs_mpra_hit
409	6.346475586595096	0	cs_mpra_hit
410	5.895637469515188	0	cs_mpra_hit
411	5.710585190340611	0	cs_mpra_hit
412	5.908386430767324	0	cs_mpra_hit
413	5.8829415255322655	0	cs_mpra_hit
414	5.9340447388344595	0	cs_mpra_hit
415	6.3172653423036325	0	cs_mpra_hit
416	6.555879503723331	0	cs_mpra_hit
417	6.038866601512858	0	cs_mpra_hit
418	5.536419877830702	0	cs_mpra_hit
419	5.895637469515188	0	cs_mpra_hit
420	5.895637469515188	0	cs_mpra_hit
421	5.959919145336419	0	cs_mpra_hit
422	6.119860476675262	0	cs_mpra_hit
423	6.202981377264095	0	cs_mpra_hit
424	6.092630248339464	0	cs_mpra_hit
425	6.587268648920983	0	cs_mpra_hit
426	6.302757599854699	0	cs_mpra_hit
427	6.603072687557181	0	cs_mpra_hit
428	5.895637469515188	0	cs_mpra_hit
429	6.3172653423036325	0	cs_mpra_hit
430	6.493962917323345	0	cs_mpra_hit
431	5.870298268840209	0	cs_mpra_hit
432	6.0255686963516775	0	cs_mpra_hit
433	6.038866601512858	0	cs_mpra_hit
434	6.587268648920983	0	cs_mpra_hit
435	6.16114984652851	0	cs_mpra_hit
436	5.79552702396086	0	cs_mpra_hit
437	6.478660424030478	0	cs_mpra_hit
438	5.8451685110570555	0	cs_mpra_hit
439	6.0656332847262515	0	cs_mpra_hit
440	5.570428361608321	0	cs_mpra_hit
441	5.9991419487744695	0	cs_mpra_hit
442	6.16114984652851	0	cs_mpra_hit
443	6.16114984652851	0	cs_mpra_hit
444	6.202981377264095	0	cs_mpra_hit
445	5.972938240322315	0	cs_mpra_hit
446	5.921188742029571	0	cs_mpra_hit
447	6.133564011852244	0	cs_mpra_hit
448	5.6986463890864245	0	cs_mpra_hit
449	6.16114984652851	0	cs_mpra_hit
450	5.895637469515188	0	cs_mpra_hit
451	6.188976635899869	0	cs_mpra_hit
452	6.202981377264095	0	cs_mpra_hit
453	6.038866601512858	0	cs_mpra_hit
454	6.603072687557181	0	cs_mpra_hit
455	6.463427626546781	0	cs_mpra_hit
456	6.10621601588597	0	cs_mpra_hit
457	6.052221342596064	0	cs_mpra_hit
458	5.986012391489006	0	cs_mpra_hit
459	6.25961873156654	0	cs_mpra_hit
460	6.119860476675262	0	cs_mpra_hit
461	5.832681363566578	0	cs_mpra_hit
462	6.188976635899869	0	cs_mpra_hit
463	5.536419877830702	0	cs_mpra_hit
464	5.9340447388344595	0	cs_mpra_hit
465	5.6986463890864245	0	cs_mpra_hit
466	6.2883142013568145	0	cs_mpra_hit
467	5.895637469515188	0	cs_mpra_hit
468	5.746692826709203	0	cs_mpra_hit
469	5.674912648593276	0	cs_mpra_hit
470	6.119860476675262	0	cs_mpra_hit
471	6.1750329250057465	0	cs_mpra_hit
472	5.959919145336419	0	cs_mpra_hit
473	6.478660424030478	0	cs_mpra_hit
474	5.857707372194665	0	cs_mpra_hit
475	5.820245610512705	0	cs_mpra_hit
476	6.25961873156654	0	cs_mpra_hit
477	5.8451685110570555	0	cs_mpra_hit
478	5.870298268840209	0	cs_mpra_hit
479	6.052221342596064	0	cs_mpra_hit
480	5.959919145336419	0	cs_mpra_hit
481	5.771010249696144	0	cs_mpra_hit
482	6.147327005870529	0	cs_mpra_hit
483	6.25961873156654	0	cs_mpra_hit
484	5.6986463890864245	0	cs_mpra_hit
485	6.012327265089955	0	cs_mpra_hit
486	5.959919145336419	0	cs_mpra_hit
487	6.052221342596064	0	cs_mpra_hit
488	6.202981377264095	0	cs_mpra_hit
489	5.547711489020333	0	cs_mpra_hit
490	6.25961873156654	0	cs_mpra_hit
491	6.012327265089955	0	cs_mpra_hit
492	6.202981377264095	0	cs_mpra_hit
493	6.2311755611212325	0	cs_mpra_hit
494	5.9340447388344595	0	cs_mpra_hit
495	5.972938240322315	0	cs_mpra_hit
496	5.986012391489006	0	cs_mpra_hit
497	5.895637469515188	0	cs_mpra_hit
498	6.0255686963516775	0	cs_mpra_hit
499	5.593325198619852	0	cs_mpra_hit
500	5.946954759535363	0	cs_mpra_hit
501	5.8829415255322655	0	cs_mpra_hit
502	5.857707372194665	0	cs_mpra_hit
503	6.119860476675262	0	cs_mpra_hit
504	5.6986463890864245	0	cs_mpra_hit
505	5.9991419487744695	0	cs_mpra_hit
506	5.674912648593276	0	cs_mpra_hit
507	5.959919145336419	0	cs_mpra_hit
508	6.202981377264095	0	cs_mpra_hit
509	5.8829415255322655	0	cs_mpra_hit
510	5.6986463890864245	0	cs_mpra_hit
511	5.8829415255322655	0	cs_mpra_hit
512	6.10621601588597	0	cs_mpra_hit
513	5.959919145336419	0	cs_mpra_hit
514	6.1750329250057465	0	cs_mpra_hit
515	6.524778913484567	0	cs_mpra_hit
516	6.634902253911777	0	cs_mpra_hit
517	5.857707372194665	0	cs_mpra_hit
518	6.188976635899869	0	cs_mpra_hit
519	5.734608113804116	0	cs_mpra_hit
520	6.361178961896415	0	cs_mpra_hit
521	5.895637469515188	0	cs_mpra_hit
522	5.480619693666965	0	cs_mpra_hit
523	6.3882925984311125	0	cs_mpra_hit
524	6.273934719704755	0	cs_mpra_hit
525	5.857707372194665	0	cs_mpra_hit
526	6.038866601512858	0	cs_mpra_hit
527	6.079102796164052	0	cs_mpra_hit
528	6.133564011852244	0	cs_mpra_hit
529	6.346475586595096	0	cs_mpra_hit
530	5.972938240322315	0	cs_mpra_hit
531	5.908386430767324	0	cs_mpra_hit
532	5.986012391489006	0	cs_mpra_hit
533	5.972938240322315	0	cs_mpra_hit
534	5.746692826709203	0	cs_mpra_hit
535	5.758826771539013	0	cs_mpra_hit
536	6.273934719704755	0	cs_mpra_hit
537	5.986012391489006	0	cs_mpra_hit
538	6.273934719704755	0	cs_mpra_hit
539	6.079102796164052	0	cs_mpra_hit
540	5.857707372194665	0	cs_mpra_hit
541	6.403183957540726	0	cs_mpra_hit
542	6.273934719704755	0	cs_mpra_hit
543	5.79552702396086	0	cs_mpra_hit
544	5.746692826709203	0	cs_mpra_hit
545	5.734608113804116	0	cs_mpra_hit
546	5.771010249696144	0	cs_mpra_hit
547	5.758826771539013	0	cs_mpra_hit
548	5.820245610512705	0	cs_mpra_hit
549	6.012327265089955	0	cs_mpra_hit
550	6.119860476675262	0	cs_mpra_hit
551	5.746692826709203	0	cs_mpra_hit
552	6.0656332847262515	0	cs_mpra_hit
553	6.202981377264095	0	cs_mpra_hit
554	5.921188742029571	0	cs_mpra_hit
555	6.0656332847262515	0	cs_mpra_hit
556	6.3882925984311125	0	cs_mpra_hit
557	5.6048417732177525	0	cs_mpra_hit
558	6.463427626546781	0	cs_mpra_hit
559	6.202981377264095	0	cs_mpra_hit
560	5.80786093530791	0	cs_mpra_hit
561	6.618950383830634	0	cs_mpra_hit
562	6.25961873156654	0	cs_mpra_hit
563	6.0656332847262515	0	cs_mpra_hit
564	6.245365817341916	0	cs_mpra_hit
565	6.3172653423036325	0	cs_mpra_hit
566	5.959919145336419	0	cs_mpra_hit
567	5.771010249696144	0	cs_mpra_hit
568	6.302757599854699	0	cs_mpra_hit
569	6.0255686963516775	0	cs_mpra_hit
570	6.147327005870529	0	cs_mpra_hit
571	6.4482640497964985	0	cs_mpra_hit
572	6.361178961896415	0	cs_mpra_hit
573	6.1750329250057465	0	cs_mpra_hit
574	5.722572333862629	0	cs_mpra_hit
575	5.986012391489006	0	cs_mpra_hit
576	5.6280125921415705	0	cs_mpra_hit
577	6.012327265089955	0	cs_mpra_hit
578	6.0255686963516775	0	cs_mpra_hit
579	6.16114984652851	0	cs_mpra_hit
580	5.722572333862629	0	cs_mpra_hit
581	6.16114984652851	0	cs_mpra_hit
582	6.133564011852244	0	cs_mpra_hit
583	5.382863339772619	6e-323	cs_mpra_hit
584	5.581854151203892	0	cs_mpra_hit
585	6.302757599854699	0	cs_mpra_hit
586	5.921188742029571	0	cs_mpra_hit
587	5.870298268840209	0	cs_mpra_hit
588	6.375948428153476	0	cs_mpra_hit
589	5.80786093530791	0	cs_mpra_hit
590	6.147327005870529	0	cs_mpra_hit
591	6.202981377264095	0	cs_mpra_hit
592	6.571537756531617	0	cs_mpra_hit
593	5.908386430767324	0	cs_mpra_hit
594	5.9991419487744695	0	cs_mpra_hit
595	6.375948428153476	0	cs_mpra_hit
596	5.921188742029571	0	cs_mpra_hit
597	6.092630248339464	0	cs_mpra_hit
598	6.188976635899869	0	cs_mpra_hit
599	6.133564011852244	0	cs_mpra_hit
600	5.9991419487744695	0	cs_mpra_hit
601	5.946954759535363	0	cs_mpra_hit
602	6.0255686963516775	0	cs_mpra_hit
603	6.331837859624191	0	cs_mpra_hit
604	6.1750329250057465	0	cs_mpra_hit
605	6.133564011852244	0	cs_mpra_hit
606	6.25961873156654	0	cs_mpra_hit
607	6.403183957540726	0	cs_mpra_hit
608	5.820245610512705	0	cs_mpra_hit
609	6.3882925984311125	0	cs_mpra_hit
610	6.493962917323345	0	cs_mpra_hit
611	6.0656332847262515	0	cs_mpra_hit
612	6.0255686963516775	0	cs_mpra_hit
613	5.986012391489006	0	cs_mpra_hit
614	5.674912648593276	0	cs_mpra_hit
615	5.710585190340611	0	cs_mpra_hit
616	5.79552702396086	0	cs_mpra_hit
617	6.375948428153476	0	cs_mpra_hit
618	6.4482640497964985	0	cs_mpra_hit
619	6.092630248339464	0	cs_mpra_hit
620	6.188976635899869	0	cs_mpra_hit
621	5.734608113804116	0	cs_mpra_hit
622	5.972938240322315	0	cs_mpra_hit
623	6.245365817341916	0	cs_mpra_hit
624	6.092630248339464	0	cs_mpra_hit
625	6.21704755064505	0	cs_mpra_hit
626	5.832681363566578	0	cs_mpra_hit
627	5.986012391489006	0	cs_mpra_hit
628	6.038866601512858	0	cs_mpra_hit
629	5.820245610512705	0	cs_mpra_hit
630	6.0255686963516775	0	cs_mpra_hit
631	5.986012391489006	0	cs_mpra_hit
632	6.2311755611212325	0	cs_mpra_hit
633	5.820245610512705	0	cs_mpra_hit
634	6.052221342596064	0	cs_mpra_hit
635	6.0255686963516775	0	cs_mpra_hit
636	6.361178961896415	0	cs_mpra_hit
637	5.959919145336419	0	cs_mpra_hit
638	6.052221342596064	0	cs_mpra_hit
639	6.092630248339464	0	cs_mpra_hit
640	6.2883142013568145	0	cs_mpra_hit
641	5.946954759535363	0	cs_mpra_hit
642	6.079102796164052	0	cs_mpra_hit
643	5.79552702396086	0	cs_mpra_hit
644	5.663117132798279	0	cs_mpra_hit
645	5.857707372194665	0	cs_mpra_hit
646	5.908386430767324	0	cs_mpra_hit
647	5.895637469515188	0	cs_mpra_hit
648	5.908386430767324	0	cs_mpra_hit
649	6.188976635899869	0	cs_mpra_hit
650	5.9991419487744695	0	cs_mpra_hit
651	5.8829415255322655	0	cs_mpra_hit
652	5.710585190340611	0	cs_mpra_hit
653	6.540293388500575	0	cs_mpra_hit
654	6.202981377264095	0	cs_mpra_hit
655	5.734608113804116	0	cs_mpra_hit
656	6.433169223013471	0	cs_mpra_hit
657	5.651368806112322	0	cs_mpra_hit
658	5.651368806112322	0	cs_mpra_hit
659	6.147327005870529	0	cs_mpra_hit
660	6.10621601588597	0	cs_mpra_hit
661	6.052221342596064	0	cs_mpra_hit
662	5.9340447388344595	0	cs_mpra_hit
663	6.119860476675262	0	cs_mpra_hit
664	5.663117132798279	0	cs_mpra_hit
665	6.3172653423036325	0	cs_mpra_hit
666	6.245365817341916	0	cs_mpra_hit
667	6.052221342596064	0	cs_mpra_hit
668	6.038866601512858	0	cs_mpra_hit
669	6.2883142013568145	0	cs_mpra_hit
670	5.959919145336419	0	cs_mpra_hit
671	6.119860476675262	0	cs_mpra_hit
672	6.21704755064505	0	cs_mpra_hit
673	5.959919145336419	0	cs_mpra_hit
674	6.038866601512858	0	cs_mpra_hit
675	6.052221342596064	0	cs_mpra_hit
676	5.9340447388344595	0	cs_mpra_hit
677	6.302757599854699	0	cs_mpra_hit
678	5.9991419487744695	0	cs_mpra_hit
679	5.6280125921415705	0	cs_mpra_hit
680	5.783243565049749	0	cs_mpra_hit
681	5.857707372194665	0	cs_mpra_hit
682	6.917957149176509	0	cs_mpra_hit
683	6.092630248339464	0	cs_mpra_hit
684	6.079102796164052	0	cs_mpra_hit
685	5.746692826709203	0	cs_mpra_hit
686	5.593325198619852	0	cs_mpra_hit
687	6.1750329250057465	0	cs_mpra_hit
688	5.525172468026036	0	cs_mpra_hit
689	6.245365817341916	0	cs_mpra_hit
690	6.133564011852244	0	cs_mpra_hit
691	6.375948428153476	0	cs_mpra_hit
692	6.012327265089955	0	cs_mpra_hit
693	5.502809218757234	0	cs_mpra_hit
694	6.3172653423036325	0	cs_mpra_hit
695	5.946954759535363	0	cs_mpra_hit
696	5.9340447388344595	0	cs_mpra_hit
697	6.3172653423036325	0	cs_mpra_hit
698	6.133564011852244	0	cs_mpra_hit
699	5.734608113804116	0	cs_mpra_hit
700	6.618950383830634	0	cs_mpra_hit
701	5.8829415255322655	0	cs_mpra_hit
702	5.895637469515188	0	cs_mpra_hit
703	5.758826771539013	0	cs_mpra_hit
704	5.908386430767324	0	cs_mpra_hit
705	6.038866601512858	0	cs_mpra_hit
706	6.346475586595096	0	cs_mpra_hit
707	5.946954759535363	0	cs_mpra_hit
708	5.9340447388344595	0	cs_mpra_hit
709	6.418142679692428	0	cs_mpra_hit
710	5.946954759535363	0	cs_mpra_hit
711	5.6986463890864245	0	cs_mpra_hit
712	6.25961873156654	0	cs_mpra_hit
713	6.079102796164052	0	cs_mpra_hit
714	5.758826771539013	0	cs_mpra_hit
715	5.9340447388344595	0	cs_mpra_hit
716	5.734608113804116	0	cs_mpra_hit
717	5.674912648593276	0	cs_mpra_hit
718	5.8451685110570555	0	cs_mpra_hit
719	6.375948428153476	0	cs_mpra_hit
720	5.972938240322315	0	cs_mpra_hit
721	5.783243565049749	0	cs_mpra_hit
722	5.857707372194665	0	cs_mpra_hit
723	6.3172653423036325	0	cs_mpra_hit
724	6.052221342596064	0	cs_mpra_hit
725	6.1750329250057465	0	cs_mpra_hit
726	5.651368806112322	0	cs_mpra_hit
727	6.302757599854699	0	cs_mpra_hit
728	5.908386430767324	0	cs_mpra_hit
729	6.524778913484567	0	cs_mpra_hit
730	6.715792619111949	0	cs_mpra_hit
731	6.012327265089955	0	cs_mpra_hit
732	6.361178961896415	0	cs_mpra_hit
733	6.012327265089955	0	cs_mpra_hit
734	6.21704755064505	0	cs_mpra_hit
735	6.2311755611212325	0	cs_mpra_hit
736	5.581854151203892	0	cs_mpra_hit
737	6.302757599854699	0	cs_mpra_hit
738	5.921188742029571	0	cs_mpra_hit
739	5.921188742029571	0	cs_mpra_hit
740	6.603072687557181	0	cs_mpra_hit
741	5.783243565049749	0	cs_mpra_hit
742	6.403183957540726	0	cs_mpra_hit
743	6.038866601512858	0	cs_mpra_hit
744	5.959919145336419	0	cs_mpra_hit
745	5.663117132798279	0	cs_mpra_hit
746	5.959919145336419	0	cs_mpra_hit
747	6.618950383830634	0	cs_mpra_hit
748	6.012327265089955	0	cs_mpra_hit
749	5.870298268840209	0	cs_mpra_hit
750	6.245365817341916	0	cs_mpra_hit
751	6.052221342596064	0	cs_mpra_hit
752	6.3172653423036325	0	cs_mpra_hit
753	5.921188742029571	0	cs_mpra_hit
754	6.1750329250057465	0	cs_mpra_hit
755	6.052221342596064	0	cs_mpra_hit
756	5.771010249696144	0	cs_mpra_hit
757	6.038866601512858	0	cs_mpra_hit
758	6.418142679692428	0	cs_mpra_hit
759	6.147327005870529	0	cs_mpra_hit
760	6.0255686963516775	0	cs_mpra_hit
761	6.052221342596064	0	cs_mpra_hit
762	6.245365817341916	0	cs_mpra_hit
763	6.0656332847262515	0	cs_mpra_hit
764	5.921188742029571	0	cs_mpra_hit
765	5.895637469515188	0	cs_mpra_hit
766	6.2883142013568145	0	cs_mpra_hit
767	6.302757599854699	0	cs_mpra_hit
768	5.758826771539013	0	cs_mpra_hit
769	5.710585190340611	0	cs_mpra_hit
770	6.331837859624191	0	cs_mpra_hit
771	5.986012391489006	0	cs_mpra_hit
772	6.052221342596064	0	cs_mpra_hit
773	6.331837859624191	0	cs_mpra_hit
774	6.463427626546781	0	cs_mpra_hit
775	6.202981377264095	0	cs_mpra_hit
776	5.921188742029571	0	cs_mpra_hit
777	5.870298268840209	0	cs_mpra_hit
778	6.245365817341916	0	cs_mpra_hit
779	5.832681363566578	0	cs_mpra_hit
780	6.346475586595096	0	cs_mpra_hit
781	6.21704755064505	0	cs_mpra_hit
782	6.188976635899869	0	cs_mpra_hit
783	6.147327005870529	0	cs_mpra_hit
784	5.502809218757234	0	cs_mpra_hit
785	5.8829415255322655	0	cs_mpra_hit
786	5.8451685110570555	0	cs_mpra_hit
787	6.052221342596064	0	cs_mpra_hit
788	6.0656332847262515	0	cs_mpra_hit
789	5.79552702396086	0	cs_mpra_hit
790	6.2883142013568145	0	cs_mpra_hit
791	6.245365817341916	0	cs_mpra_hit
792	6.10621601588597	0	cs_mpra_hit
793	6.133564011852244	0	cs_mpra_hit
794	5.651368806112322	0	cs_mpra_hit
795	5.820245610512705	0	cs_mpra_hit
796	6.038866601512858	0	cs_mpra_hit
797	5.870298268840209	0	cs_mpra_hit
798	5.8451685110570555	0	cs_mpra_hit
799	6.0255686963516775	0	cs_mpra_hit
800	6.21704755064505	0	cs_mpra_hit
801	6.403183957540726	0	cs_mpra_hit
802	6.147327005870529	0	cs_mpra_hit
803	6.012327265089955	0	cs_mpra_hit
804	6.245365817341916	0	cs_mpra_hit
805	6.715792619111949	0	cs_mpra_hit
806	5.908386430767324	0	cs_mpra_hit
807	6.0656332847262515	0	cs_mpra_hit
808	6.16114984652851	0	cs_mpra_hit
809	5.986012391489006	0	cs_mpra_hit
810	6.10621601588597	0	cs_mpra_hit
811	5.857707372194665	0	cs_mpra_hit
812	6.245365817341916	0	cs_mpra_hit
813	5.458601876904022	0	cs_mpra_hit
814	6.10621601588597	0	cs_mpra_hit
815	6.10621601588597	0	cs_mpra_hit
816	6.346475586595096	0	cs_mpra_hit
817	6.188976635899869	0	cs_mpra_hit
818	5.79552702396086	0	cs_mpra_hit
819	6.540293388500575	0	cs_mpra_hit
820	6.0255686963516775	0	cs_mpra_hit
821	6.403183957540726	0	cs_mpra_hit
822	6.25961873156654	0	cs_mpra_hit
823	6.509335585860072	0	cs_mpra_hit
824	6.147327005870529	0	cs_mpra_hit
825	6.0656332847262515	0	cs_mpra_hit
826	5.9991419487744695	0	cs_mpra_hit
827	5.722572333862629	0	cs_mpra_hit
828	6.273934719704755	0	cs_mpra_hit
829	5.832681363566578	0	cs_mpra_hit
830	6.331837859624191	0	cs_mpra_hit
831	6.302757599854699	0	cs_mpra_hit
832	6.524778913484567	0	cs_mpra_hit
833	5.9991419487744695	0	cs_mpra_hit
834	6.346475586595096	0	cs_mpra_hit
835	6.346475586595096	0	cs_mpra_hit
836	5.870298268840209	0	cs_mpra_hit
837	5.895637469515188	0	cs_mpra_hit
838	6.147327005870529	0	cs_mpra_hit
839	6.052221342596064	0	cs_mpra_hit
840	6.765251034536072	0	cs_mpra_hit
841	6.038866601512858	0	cs_mpra_hit
842	6.1750329250057465	0	cs_mpra_hit
843	6.302757599854699	0	cs_mpra_hit
844	6.331837859624191	0	cs_mpra_hit
845	5.9991419487744695	0	cs_mpra_hit
846	5.959919145336419	0	cs_mpra_hit
847	6.331837859624191	0	cs_mpra_hit
848	6.092630248339464	0	cs_mpra_hit
849	6.012327265089955	0	cs_mpra_hit
850	6.1750329250057465	0	cs_mpra_hit
851	5.309122041407445	1.3185e-319	cs_mpra_hit
852	6.463427626546781	0	cs_mpra_hit
853	6.16114984652851	0	cs_mpra_hit
854	6.361178961896415	0	cs_mpra_hit
855	5.547711489020333	0	cs_mpra_hit
856	6.3172653423036325	0	cs_mpra_hit
857	6.052221342596064	0	cs_mpra_hit
858	6.273934719704755	0	cs_mpra_hit
859	5.895637469515188	0	cs_mpra_hit
860	6.202981377264095	0	cs_mpra_hit
861	6.10621601588597	0	cs_mpra_hit
862	5.710585190340611	0	cs_mpra_hit
863	5.404295608782873	5e-324	cs_mpra_hit
864	5.986012391489006	0	cs_mpra_hit
865	5.946954759535363	0	cs_mpra_hit
866	6.587268648920983	0	cs_mpra_hit
867	5.9991419487744695	0	cs_mpra_hit
868	6.509335585860072	0	cs_mpra_hit
869	5.758826771539013	0	cs_mpra_hit
870	6.2883142013568145	0	cs_mpra_hit
871	5.921188742029571	0	cs_mpra_hit
872	5.986012391489006	0	cs_mpra_hit
873	5.9991419487744695	0	cs_mpra_hit
874	6.10621601588597	0	cs_mpra_hit
875	5.921188742029571	0	cs_mpra_hit
876	6.133564011852244	0	cs_mpra_hit
877	5.895637469515188	0	cs_mpra_hit
878	6.403183957540726	0	cs_mpra_hit
879	6.119860476675262	0	cs_mpra_hit
880	5.972938240322315	0	cs_mpra_hit
881	6.052221342596064	0	cs_mpra_hit
882	5.959919145336419	0	cs_mpra_hit
883	6.21704755064505	0	cs_mpra_hit
884	5.921188742029571	0	cs_mpra_hit
885	5.972938240322315	0	cs_mpra_hit
886	5.771010249696144	0	cs_mpra_hit
887	5.857707372194665	0	cs_mpra_hit
888	5.908386430767324	0	cs_mpra_hit
889	6.21704755064505	0	cs_mpra_hit
890	6.188976635899869	0	cs_mpra_hit
891	6.092630248339464	0	cs_mpra_hit
892	6.10621601588597	0	cs_mpra_hit
893	6.052221342596064	0	cs_mpra_hit
894	6.3882925984311125	0	cs_mpra_hit
895	5.722572333862629	0	cs_mpra_hit
896	6.4482640497964985	0	cs_mpra_hit
897	5.908386430767324	0	cs_mpra_hit
898	5.783243565049749	0	cs_mpra_hit
899	6.188976635899869	0	cs_mpra_hit
900	5.9340447388344595	0	cs_mpra_hit
901	5.525172468026036	0	cs_mpra_hit
902	6.052221342596064	0	cs_mpra_hit
903	6.119860476675262	0	cs_mpra_hit
904	5.921188742029571	0	cs_mpra_hit
905	6.21704755064505	0	cs_mpra_hit
906	6.202981377264095	0	cs_mpra_hit
907	6.2311755611212325	0	cs_mpra_hit
908	6.2311755611212325	0	cs_mpra_hit
909	5.502809218757234	0	cs_mpra_hit
910	5.734608113804116	0	cs_mpra_hit
911	6.361178961896415	0	cs_mpra_hit
912	5.921188742029571	0	cs_mpra_hit
913	5.6048417732177525	0	cs_mpra_hit
914	5.80786093530791	0	cs_mpra_hit
915	6.683208141585409	0	cs_mpra_hit
916	5.8829415255322655	0	cs_mpra_hit
917	6.188976635899869	0	cs_mpra_hit
918	5.870298268840209	0	cs_mpra_hit
919	6.748686599424423	0	cs_mpra_hit
920	5.908386430767324	0	cs_mpra_hit
921	6.463427626546781	0	cs_mpra_hit
922	6.245365817341916	0	cs_mpra_hit
923	5.870298268840209	0	cs_mpra_hit
924	6.331837859624191	0	cs_mpra_hit
925	5.921188742029571	0	cs_mpra_hit
926	6.133564011852244	0	cs_mpra_hit
927	6.10621601588597	0	cs_mpra_hit
928	5.783243565049749	0	cs_mpra_hit
929	6.052221342596064	0	cs_mpra_hit
930	5.895637469515188	0	cs_mpra_hit
931	5.8451685110570555	0	cs_mpra_hit
932	6.245365817341916	0	cs_mpra_hit
933	6.478660424030478	0	cs_mpra_hit
934	5.581854151203892	0	cs_mpra_hit
935	6.418142679692428	0	cs_mpra_hit
936	5.616404146502067	0	cs_mpra_hit
937	5.674912648593276	0	cs_mpra_hit
938	5.870298268840209	0	cs_mpra_hit
939	5.746692826709203	0	cs_mpra_hit
940	5.783243565049749	0	cs_mpra_hit
941	6.403183957540726	0	cs_mpra_hit
942	6.012327265089955	0	cs_mpra_hit
943	5.686755638316837	0	cs_mpra_hit
944	6.346475586595096	0	cs_mpra_hit
945	6.202981377264095	0	cs_mpra_hit
946	6.273934719704755	0	cs_mpra_hit
947	6.2883142013568145	0	cs_mpra_hit
948	6.3882925984311125	0	cs_mpra_hit
949	5.959919145336419	0	cs_mpra_hit
950	5.972938240322315	0	cs_mpra_hit
951	6.10621601588597	0	cs_mpra_hit
952	5.783243565049749	0	cs_mpra_hit
953	6.10621601588597	0	cs_mpra_hit
954	6.147327005870529	0	cs_mpra_hit
955	6.25961873156654	0	cs_mpra_hit
956	5.946954759535363	0	cs_mpra_hit
957	6.10621601588597	0	cs_mpra_hit
958	6.2883142013568145	0	cs_mpra_hit
959	5.895637469515188	0	cs_mpra_hit
960	5.986012391489006	0	cs_mpra_hit
961	5.79552702396086	0	cs_mpra_hit
962	6.1750329250057465	0	cs_mpra_hit
963	6.133564011852244	0	cs_mpra_hit
964	5.771010249696144	0	cs_mpra_hit
965	5.722572333862629	0	cs_mpra_hit
966	6.052221342596064	0	cs_mpra_hit
967	5.80786093530791	0	cs_mpra_hit
968	6.079102796164052	0	cs_mpra_hit
969	5.986012391489006	0	cs_mpra_hit
970	5.9991419487744695	0	cs_mpra_hit
971	6.16114984652851	0	cs_mpra_hit
972	5.663117132798279	0	cs_mpra_hit
973	5.722572333862629	0	cs_mpra_hit
974	6.403183957540726	0	cs_mpra_hit
975	6.133564011852244	0	cs_mpra_hit
976	6.418142679692428	0	cs_mpra_hit
977	5.79552702396086	0	cs_mpra_hit
978	6.403183957540726	0	cs_mpra_hit
979	5.972938240322315	0	cs_mpra_hit
980	6.052221342596064	0	cs_mpra_hit
981	6.25961873156654	0	cs_mpra_hit
982	6.052221342596064	0	cs_mpra_hit
983	6.16114984652851	0	cs_mpra_hit
984	5.9340447388344595	0	cs_mpra_hit
985	5.921188742029571	0	cs_mpra_hit
986	6.2883142013568145	0	cs_mpra_hit
987	5.895637469515188	0	cs_mpra_hit
988	6.555879503723331	0	cs_mpra_hit
989	6.079102796164052	0	cs_mpra_hit
990	6.25961873156654	0	cs_mpra_hit
991	5.674912648593276	0	cs_mpra_hit
992	6.119860476675262	0	cs_mpra_hit
993	5.832681363566578	0	cs_mpra_hit
994	6.302757599854699	0	cs_mpra_hit
995	6.0656332847262515	0	cs_mpra_hit
996	6.147327005870529	0	cs_mpra_hit
997	6.0255686963516775	0	cs_mpra_hit
998	6.0656332847262515	0	cs_mpra_hit
999	6.038866601512858	0	cs_mpra_hit
1000	5.639667385990852	0	cs_mpra_hit
1	5.4387663013203635	5e-324	var_mpra_hit
2	5.12125795467804	7.2719810938572e-310	var_mpra_hit
3	5.0591913152845995	5.341679999649176e-307	var_mpra_hit
4	5.441273272165228	5e-324	var_mpra_hit
5	5.360889943124339	2.6126e-320	var_mpra_hit
6	5.166603948288937	4.08567955167e-312	var_mpra_hit
7	5.565517524898182	0	var_mpra_hit
8	5.058229244326249	5.505008581021736e-307	var_mpra_hit
9	5.331836272576932	4.398e-319	var_mpra_hit
10	5.31729502288976	9.15464e-319	var_mpra_hit
11	5.11185238304721	2.22423536332228e-309	var_mpra_hit
12	5.597857689936189	0	var_mpra_hit
13	5.0929173435156985	1.3086423311235276e-308	var_mpra_hit
14	5.190519814070397	6.06392952324e-313	var_mpra_hit
15	4.721596782964024	1.1875611191965497e-290	var_mpra_hit
16	5.5190756425608765	0	var_mpra_hit
17	5.251200609268465	9.4989244e-316	var_mpra_hit
18	5.557736000212795	0	var_mpra_hit
19	5.5331008755637106	0	var_mpra_hit
20	5.249517456641309	1.889259016e-315	var_mpra_hit
21	5.057064631164757	5.92106385264594e-307	var_mpra_hit
22	5.33544257985636	1.8589e-319	var_mpra_hit
23	5.452297152140162	0	var_mpra_hit
24	5.680990665924682	0	var_mpra_hit
25	5.265583621670943	1.94448354e-316	var_mpra_hit
26	5.321392126748806	8.97663e-319	var_mpra_hit
27	5.241151567625405	2.906488324e-315	var_mpra_hit
28	5.534347119991933	0	var_mpra_hit
29	5.738355016616734	0	var_mpra_hit
30	5.180493636475433	2.05390835494e-312	var_mpra_hit
31	5.450331229058099	0	var_mpra_hit
32	5.246926198938435	1.027188036e-315	var_mpra_hit
33	4.939014994415612	1.5009262864900985e-301	var_mpra_hit
34	5.261209475314305	5.11784144e-316	var_mpra_hit
35	5.3236049833073285	6.8258e-319	var_mpra_hit
36	5.3985343510852255	4.45e-322	var_mpra_hit
37	5.163631395905827	9.54227694511e-312	var_mpra_hit
38	5.219495792472774	3.457296706e-314	var_mpra_hit
39	5.7419199902117555	0	var_mpra_hit
40	5.096029335432003	9.76126405127869e-309	var_mpra_hit
41	5.307875931026329	2.758136e-318	var_mpra_hit
42	5.327310844934158	5.4102e-319	var_mpra_hit
43	5.578021811237685	0	var_mpra_hit
44	5.863606408094731	0	var_mpra_hit
45	4.9885972568016514	1.3279360918511703e-303	var_mpra_hit
46	5.5729120510888706	0	var_mpra_hit
47	5.139429016051147	1.36545028688047e-310	var_mpra_hit
48	5.3559052880569995	3.128e-320	var_mpra_hit
49	5.345399556755905	1.1113e-319	var_mpra_hit
50	5.637850069340785	0	var_mpra_hit
51	5.6750210615213446	0	var_mpra_hit
52	5.344783937514688	1.1267e-319	var_mpra_hit
53	5.202668082603322	1.5921778009e-313	var_mpra_hit
54	5.8899268772212094	0	var_mpra_hit
55	4.965584193032676	9.050912740102547e-303	var_mpra_hit
56	5.270438685797278	1.6434306e-316	var_mpra_hit
57	5.4600548057223905	0	var_mpra_hit
58	5.671869867662981	0	var_mpra_hit
59	5.590521507751191	0	var_mpra_hit
60	5.533654762071764	0	var_mpra_hit
61	5.25398832681253	7.1235427e-316	var_mpra_hit
62	5.009423283181191	1.1124092499876009e-304	var_mpra_hit
63	5.69245876641482	0	var_mpra_hit
64	5.048001374289938	1.9039996409572466e-306	var_mpra_hit
65	5.290807123487816	2.8683683e-317	var_mpra_hit
66	5.1133886493310134	2.055464305296567e-309	var_mpra_hit
67	5.253015256160622	7.73568937e-316	var_mpra_hit
68	5.419900096214477	4e-323	var_mpra_hit
69	4.95332986939309	3.965386073807837e-302	var_mpra_hit
70	5.5964558141424945	0	var_mpra_hit
71	5.790541495801957	0	var_mpra_hit
72	5.295180397718811	1.083386e-317	var_mpra_hit
73	5.254251318776311	6.9940185e-316	var_mpra_hit
74	5.455901339094812	0	var_mpra_hit
75	5.328750529957813	2.60407e-319	var_mpra_hit
76	5.321418787688686	8.9435e-319	var_mpra_hit
77	5.123181918774852	6.10774688169135e-310	var_mpra_hit
78	5.135710796481428	1.59097515288166e-310	var_mpra_hit
79	5.645684471695914	0	var_mpra_hit
80	5.346711092655457	5.439e-320	var_mpra_hit
81	5.368414121209892	8.117e-321	var_mpra_hit
82	5.456119774444564	0	var_mpra_hit
83	5.6370601276671	0	var_mpra_hit
84	5.646787039732755	0	var_mpra_hit
85	5.780290639082979	0	var_mpra_hit
86	5.680080308655554	0	var_mpra_hit
87	5.355690736533987	3.169e-320	var_mpra_hit
88	5.049896661555811	9.138227918776804e-307	var_mpra_hit
89	5.4084646483829415	1.53e-322	var_mpra_hit
90	5.4321698624163774	2e-323	var_mpra_hit
91	5.298095907303141	5.20113e-318	var_mpra_hit
92	5.413963208829445	5e-323	var_mpra_hit
93	5.397020525383863	5.04e-322	var_mpra_hit
94	5.340153403028828	1.68274e-319	var_mpra_hit
95	5.387186512859487	1.62e-321	var_mpra_hit
96	5.263238448329397	2.46909193e-316	var_mpra_hit
97	5.202381567739738	1.6180421624e-313	var_mpra_hit
98	5.373729508750081	6.576e-321	var_mpra_hit
99	5.557179845221063	0	var_mpra_hit
100	5.487888076904506	0	var_mpra_hit
101	5.2406790968351995	3.05352976e-315	var_mpra_hit
102	5.336190553730916	1.72167e-319	var_mpra_hit
103	5.269593834456442	1.79888575e-316	var_mpra_hit
104	5.585653038331535	0	var_mpra_hit
105	5.4213385524508615	3.5e-323	var_mpra_hit
106	4.982769048508706	1.7642543551647326e-303	var_mpra_hit
107	5.256460449518605	3.61191853e-316	var_mpra_hit
108	5.795151739855432	0	var_mpra_hit
109	5.481817155339465	0	var_mpra_hit
110	5.467551307266002	0	var_mpra_hit
111	5.356361209954191	3.054e-320	var_mpra_hit
112	5.2966116485357855	9.99901e-318	var_mpra_hit
113	4.983692020110276	1.669695753209586e-303	var_mpra_hit
114	5.446995692907249	0	var_mpra_hit
115	5.440101536213789	5e-324	var_mpra_hit
116	5.434019124691786	5e-324	var_mpra_hit
117	5.573945172997173	0	var_mpra_hit
118	5.497663894010072	0	var_mpra_hit
119	5.613793190600418	0	var_mpra_hit
120	5.236302114524837	3.45009603e-315	var_mpra_hit
121	5.391799893608946	6e-322	var_mpra_hit
122	5.621404790949174	0	var_mpra_hit
123	5.182076416285125	1.0401199482e-312	var_mpra_hit
124	5.065552879530579	2.1490506929702945e-307	var_mpra_hit
125	5.336430973834185	1.68373e-319	var_mpra_hit
126	5.275217367739835	6.495006e-317	var_mpra_hit
127	4.939311608314272	1.4465455298830655e-301	var_mpra_hit
128	5.231717526277804	9.09842362e-315	var_mpra_hit
129	5.313223907066516	2.215534e-318	var_mpra_hit
130	5.587107984387702	0	var_mpra_hit
131	5.192521576855741	5.5619612059e-313	var_mpra_hit
132	5.390774698930623	6.67e-322	var_mpra_hit
133	5.35893582544851	1.427e-320	var_mpra_hit
134	5.203058784601229	1.5633280052e-313	var_mpra_hit
135	5.375668136132534	6.02e-321	var_mpra_hit
136	5.221666012036221	1.774600536e-314	var_mpra_hit
137	5.866249839357959	0	var_mpra_hit
138	5.880844409354742	0	var_mpra_hit
139	5.3742141657971265	6.38e-321	var_mpra_hit
140	5.4719832638173465	0	var_mpra_hit
141	5.4061893770747025	3.2e-322	var_mpra_hit
142	5.375964315126749	3.44e-321	var_mpra_hit
143	5.087640203294303	1.652514061604619e-308	var_mpra_hit
144	5.375264255605081	6.087e-321	var_mpra_hit
145	5.011128967494409	6.065894716687904e-305	var_mpra_hit
146	5.339342725684371	1.4394e-319	var_mpra_hit
147	5.275138163183971	6.5575787e-317	var_mpra_hit
148	5.3974800797505695	4.84e-322	var_mpra_hit
149	5.455382555036843	0	var_mpra_hit
150	5.586324552019992	0	var_mpra_hit
151	5.124849352168044	5.6829996737851e-310	var_mpra_hit
152	5.230800606980238	9.59207678e-315	var_mpra_hit
153	5.388994096229195	8.15e-322	var_mpra_hit
154	5.436357894896063	5e-324	var_mpra_hit
155	5.201339695043978	1.74710658583e-313	var_mpra_hit
156	5.721980934402831	0	var_mpra_hit
157	5.430674134211702	2e-323	var_mpra_hit
158	5.697903861513321	0	var_mpra_hit
159	5.545712478693273	0	var_mpra_hit
160	5.1951212647323555	2.36697945513e-313	var_mpra_hit
161	5.40345427572496	1.7e-322	var_mpra_hit
162	5.124926310583948	5.6754267310564e-310	var_mpra_hit
163	5.288644839930795	1.4744525e-317	var_mpra_hit
164	5.283803946424215	3.9022046e-317	var_mpra_hit
165	5.171049437026146	3.619798298236e-312	var_mpra_hit
166	5.352392003488103	4.402e-320	var_mpra_hit
167	5.636862642204513	0	var_mpra_hit
168	5.268482145683342	9.38787e-317	var_mpra_hit
169	5.249307062435335	1.90406681e-315	var_mpra_hit
170	5.222816488618449	1.5323209086e-314	var_mpra_hit
171	5.603016584954393	0	var_mpra_hit
172	5.2918143028425195	1.5628275e-317	var_mpra_hit
173	4.961831272684151	2.1215947943439915e-302	var_mpra_hit
174	5.241387802966351	2.840532616e-315	var_mpra_hit
175	5.355288452355944	3.258e-320	var_mpra_hit
176	5.304131462538018	3.966003e-318	var_mpra_hit
177	5.682583790282706	0	var_mpra_hit
178	5.518053036642217	0	var_mpra_hit
179	5.5628703611315835	0	var_mpra_hit
180	5.434671805049288	5e-324	var_mpra_hit
181	5.445605963782413	0	var_mpra_hit
182	5.33504187942944	1.9451e-319	var_mpra_hit
183	5.28531176728271	3.6654483e-317	var_mpra_hit
184	5.694112252132926	0	var_mpra_hit
185	5.381403229544428	2.075e-321	var_mpra_hit
186	5.59939975224996	0	var_mpra_hit
187	5.671358862843367	0	var_mpra_hit
188	5.211209363842434	5.658893477e-314	var_mpra_hit
189	5.624107550812651	0	var_mpra_hit
190	5.354135237189003	3.6037e-320	var_mpra_hit
191	5.520568093498994	0	var_mpra_hit
192	5.214784638237896	4.236174794e-314	var_mpra_hit
193	5.57643024793644	0	var_mpra_hit
194	5.959920492607332	0	var_mpra_hit
195	5.2927684721798105	1.380746e-317	var_mpra_hit
196	5.830516227331322	0	var_mpra_hit
197	5.194081390131526	2.65344248646e-313	var_mpra_hit
198	5.432550593037344	2e-323	var_mpra_hit
199	5.472531559461273	0	var_mpra_hit
200	4.890071151598501	5.624107762607859e-299	var_mpra_hit
201	5.181713155496521	1.09109566117e-312	var_mpra_hit
202	5.261525679073092	5.06900646e-316	var_mpra_hit
203	5.508334307990654	0	var_mpra_hit
204	5.270623496968269	1.61432047e-316	var_mpra_hit
205	5.233944327999864	4.413838524e-315	var_mpra_hit
206	5.556206573622247	0	var_mpra_hit
207	5.611742220884298	0	var_mpra_hit
208	5.202016912379086	1.6568599288e-313	var_mpra_hit
209	5.190623801814357	6.020243599e-313	var_mpra_hit
210	5.566130551814995	0	var_mpra_hit
211	5.311228258384911	2.6655e-318	var_mpra_hit
212	5.356978045269042	2.9827e-320	var_mpra_hit
213	5.141720788617945	7.1482468973785e-311	var_mpra_hit
214	5.475958403672246	0	var_mpra_hit
215	5.409764802124997	1.33e-322	var_mpra_hit
216	5.069535186228234	1.5265751164792187e-307	var_mpra_hit
217	5.541882848438841	0	var_mpra_hit
218	5.44146401980817	5e-324	var_mpra_hit
219	5.182699148855795	9.6275833773e-313	var_mpra_hit
220	5.271019520833779	1.5575615e-316	var_mpra_hit
221	5.260023710653573	5.4389322e-316	var_mpra_hit
222	5.375264255605081	6.087e-321	var_mpra_hit
223	5.718831796231302	0	var_mpra_hit
224	5.120539674065339	7.91885963252855e-310	var_mpra_hit
225	5.474258689711859	0	var_mpra_hit
226	5.186980428098377	4.134118581e-313	var_mpra_hit
227	5.598053952474134	0	var_mpra_hit
228	5.282587107504051	4.2865234e-317	var_mpra_hit
229	5.598390402497359	0	var_mpra_hit
230	5.494553464121304	0	var_mpra_hit
231	4.940473345360659	1.2737870643399972e-301	var_mpra_hit
232	5.187265846268343	3.9729018321e-313	var_mpra_hit
233	5.417077461800231	9e-323	var_mpra_hit
234	5.805485205320184	0	var_mpra_hit
235	5.264714063424272	2.09680986e-316	var_mpra_hit
236	5.527672779705448	0	var_mpra_hit
237	5.231953305437011	9.009346424e-315	var_mpra_hit
238	5.5860167749391705	0	var_mpra_hit
239	5.433339249072122	5e-324	var_mpra_hit
240	5.360705871353644	1.1803e-320	var_mpra_hit
241	5.407110320569567	1.8e-322	var_mpra_hit
242	5.194575330658364	2.5067756337e-313	var_mpra_hit
243	5.23968165802631	3.434773935e-315	var_mpra_hit
244	5.399372361188221	4.2e-322	var_mpra_hit
245	5.325497906464367	5.8048e-319	var_mpra_hit
246	5.254382814741554	6.93476657e-316	var_mpra_hit
247	5.494993879274246	0	var_mpra_hit
248	5.151597567185385	3.5614363573484e-311	var_mpra_hit
249	5.366103127134296	9.75e-321	var_mpra_hit
250	5.400291468589621	4.15e-322	var_mpra_hit
251	5.477740360231426	0	var_mpra_hit
252	5.443207997347566	5e-324	var_mpra_hit
253	5.048759489529367	1.0598685668791801e-306	var_mpra_hit
254	5.4732169287950825	0	var_mpra_hit
255	5.316603199995174	9.93265e-319	var_mpra_hit
256	5.763962328007112	0	var_mpra_hit
257	4.939509350871649	1.412706221671086e-301	var_mpra_hit
258	5.662135365720278	0	var_mpra_hit
259	5.401021347658513	2.27e-322	var_mpra_hit
260	5.531826936015374	0	var_mpra_hit
261	5.405160086729322	3.36e-322	var_mpra_hit
262	5.215567543903933	2.411365796e-314	var_mpra_hit
263	5.727009318376133	0	var_mpra_hit
264	5.667526323052888	0	var_mpra_hit
265	5.764626384480366	0	var_mpra_hit
266	5.601867049641569	0	var_mpra_hit
267	5.282507748411961	4.3180433e-317	var_mpra_hit
268	5.5415775877453894	0	var_mpra_hit
269	5.0658065299978166	2.081024427171967e-307	var_mpra_hit
270	5.6771785424689805	0	var_mpra_hit
271	4.981247391102355	2.0304566406521285e-303	var_mpra_hit
272	5.77762875731918	0	var_mpra_hit
273	5.577630901065168	0	var_mpra_hit
274	5.53052530129473	0	var_mpra_hit
275	5.4529524593755845	0	var_mpra_hit
276	5.202173193258861	1.6394047704e-313	var_mpra_hit
277	6.168849003505687	0	var_mpra_hit
278	5.2594703535065435	5.66673553e-316	var_mpra_hit
279	5.344382446584927	1.14356e-319	var_mpra_hit
280	5.62452985673956	0	var_mpra_hit
281	5.2629222449146775	2.5695173e-316	var_mpra_hit
282	5.462489804007715	0	var_mpra_hit
283	4.815041517967337	1.8063948219036717e-295	var_mpra_hit
284	5.432142667368987	2e-323	var_mpra_hit
285	5.464104014627153	0	var_mpra_hit
286	5.324031557727736	6.5363e-319	var_mpra_hit
287	5.077833845220304	5.158139952866216e-308	var_mpra_hit
288	5.407218666832126	1.73e-322	var_mpra_hit
289	5.385324969841954	1.83e-321	var_mpra_hit
290	5.262368888786038	2.7646468e-316	var_mpra_hit
291	5.294332248488619	1.16389e-317	var_mpra_hit
292	5.31700232862369	9.4669e-319	var_mpra_hit
293	5.733636484271159	0	var_mpra_hit
294	5.174752802004351	2.6489124e-312	var_mpra_hit
295	5.763817967880927	0	var_mpra_hit
296	5.525377094453246	0	var_mpra_hit
297	5.1036321323471645	3.81503390957215e-309	var_mpra_hit
298	5.26998985857832	1.7213337e-316	var_mpra_hit
299	5.172629195271672	3.046895408954e-312	var_mpra_hit
300	5.376745150416315	3.1e-321	var_mpra_hit
301	5.564319335401159	0	var_mpra_hit
302	5.401183542966492	2.2e-322	var_mpra_hit
303	5.1415147867414435	1.2337140248839e-310	var_mpra_hit
304	5.790918434307003	0	var_mpra_hit
305	5.421962787821547	3e-323	var_mpra_hit
306	5.6723808723681515	0	var_mpra_hit
307	5.304875045616462	3.612707e-318	var_mpra_hit
308	5.231088781675765	9.41120117e-315	var_mpra_hit
309	5.344114785912351	1.1577e-319	var_mpra_hit
310	5.536277144762361	0	var_mpra_hit
311	5.796398533987853	0	var_mpra_hit
312	5.376395120846886	3.246e-321	var_mpra_hit
313	5.178417857083356	2.33251159762e-312	var_mpra_hit
314	5.54193835037818	0	var_mpra_hit
315	5.450303924556312	0	var_mpra_hit
316	5.3378467804106515	1.5175e-319	var_mpra_hit
317	5.093963177663687	1.1577824186862775e-308	var_mpra_hit
318	5.287295739933472	1.6954065e-317	var_mpra_hit
319	5.067404526818304	1.747995430765793e-307	var_mpra_hit
320	5.328297295918215	2.7557e-319	var_mpra_hit
321	5.5197942301893725	0	var_mpra_hit
322	5.296638153168595	9.98941e-318	var_mpra_hit
323	5.378979952936796	2.41e-321	var_mpra_hit
324	5.238736715403656	3.894227254e-315	var_mpra_hit
325	5.44187276469123	5e-324	var_mpra_hit
326	5.621798943637222	0	var_mpra_hit
327	5.671813089355332	0	var_mpra_hit
328	5.239917893591815	3.335346544e-315	var_mpra_hit
329	5.153197116486974	1.9155345504096e-311	var_mpra_hit
330	5.008470105641592	1.1961196738889633e-304	var_mpra_hit
331	5.682583790282706	0	var_mpra_hit
332	5.172965864839289	2.9571000779e-312	var_mpra_hit
333	5.354644797474687	3.4343e-320	var_mpra_hit
334	5.368091657105676	8.27e-321	var_mpra_hit
335	5.2301980597144695	1.004952822e-314	var_mpra_hit
336	5.433883149588029	5e-324	var_mpra_hit
337	5.496452753758246	0	var_mpra_hit
338	5.4276826741461335	3e-323	var_mpra_hit
339	5.446041957345786	0	var_mpra_hit
340	5.155622236194782	1.434827689761e-311	var_mpra_hit
341	5.335763140129094	1.79637e-319	var_mpra_hit
342	5.170712767013759	3.77717707253e-312	var_mpra_hit
343	5.659245713810375	0	var_mpra_hit
344	5.389641588328794	7.56e-322	var_mpra_hit
345	4.983093335907677	1.7255750811617955e-303	var_mpra_hit
346	5.498324515648385	0	var_mpra_hit
347	5.488245189342826	0	var_mpra_hit
348	5.304264245255416	3.89818e-318	var_mpra_hit
349	5.5197942301893725	0	var_mpra_hit
350	5.336617967224019	1.6562e-319	var_mpra_hit
351	5.357273053384564	2.96e-320	var_mpra_hit
352	5.333973344490737	2.2227e-319	var_mpra_hit
353	5.259127798984841	5.83403293e-316	var_mpra_hit
354	5.716942311334215	0	var_mpra_hit
355	5.58444990910804	0	var_mpra_hit
356	5.659982292099498	0	var_mpra_hit
357	5.2383692375612805	6.86587302e-315	var_mpra_hit
358	5.698474027804285	0	var_mpra_hit
359	5.416697491448422	9.4e-323	var_mpra_hit
360	5.230119466575374	1.0117326277e-314	var_mpra_hit
361	5.414396592188428	4.4e-323	var_mpra_hit
362	6.03302915267866	0	var_mpra_hit
363	5.219495792472774	3.457296706e-314	var_mpra_hit
364	5.226032588977733	1.1684886207e-314	var_mpra_hit
365	5.270333079404203	1.6608326e-316	var_mpra_hit
366	5.091616426740144	2.6041897033600745e-308	var_mpra_hit
367	5.363012839536664	2.304e-320	var_mpra_hit
368	5.280682488210514	5.286488e-317	var_mpra_hit
369	5.018825935659338	3.5110780781204065e-305	var_mpra_hit
370	5.314447903730518	2.073337e-318	var_mpra_hit
371	5.185579283545478	7.4646261949e-313	var_mpra_hit
372	5.455955947934645	0	var_mpra_hit
373	5.2047518254071745	8.028684366e-314	var_mpra_hit
374	5.005961740232634	1.598114171174416e-304	var_mpra_hit
375	5.415967605987087	4e-323	var_mpra_hit
376	5.374348792730814	6.324e-321	var_mpra_hit
377	5.364705780381825	1.146e-320	var_mpra_hit
378	5.648087503897534	0	var_mpra_hit
379	5.690634229092652	0	var_mpra_hit
380	5.231298363238457	9.29461392e-315	var_mpra_hit
381	5.251542499424041	9.09879737e-316	var_mpra_hit
382	5.1441413084164305	5.30529033143e-311	var_mpra_hit
383	5.258906269181931	2.7014818e-316	var_mpra_hit
384	5.40404899096801	1.63e-322	var_mpra_hit
385	5.398939839893972	4.35e-322	var_mpra_hit
386	5.596119363815603	0	var_mpra_hit
387	5.162183889909103	1.027712078866e-311	var_mpra_hit
388	4.84708956719536	5.020166420750082e-297	var_mpra_hit
389	5.555483571563939	0	var_mpra_hit
390	5.3129046034396	2.26852e-318	var_mpra_hit
391	5.2357706417589975	7.925309303e-315	var_mpra_hit
392	5.108078902532566	2.61987165095098e-309	var_mpra_hit
393	4.871463769626069	6.006792570135375e-298	var_mpra_hit
394	5.149378834537791	4.2623213425546e-311	var_mpra_hit
395	5.2027983166140075	1.5817453556e-313	var_mpra_hit
396	5.547988052665601	0	var_mpra_hit
397	5.473189514026458	0	var_mpra_hit
398	5.753868620990069	0	var_mpra_hit
399	5.265425520207341	1.96875763e-316	var_mpra_hit
400	5.478178995436842	0	var_mpra_hit
401	4.882191763393367	9.91961209353059e-299	var_mpra_hit
402	5.373837210327693	6.536e-321	var_mpra_hit
403	5.459726491107313	0	var_mpra_hit
404	5.5912489792317706	0	var_mpra_hit
405	5.500278853349601	0	var_mpra_hit
406	5.200375962151936	1.9188400017e-313	var_mpra_hit
407	5.0674298918315746	1.743943082131763e-307	var_mpra_hit
408	5.719146710235486	0	var_mpra_hit
409	5.589961914134382	0	var_mpra_hit
410	5.347219647119166	5.118e-320	var_mpra_hit
411	4.919853315869238	1.5090981959524286e-300	var_mpra_hit
412	5.316230679854657	1.041075e-318	var_mpra_hit
413	5.320833958532197	7.06845e-319	var_mpra_hit
414	5.113516671443915	2.048371493695916e-309	var_mpra_hit
415	5.6722957049252365	0	var_mpra_hit
416	6.125828920015806	0	var_mpra_hit
417	5.386188294383978	1.714e-321	var_mpra_hit
418	5.034532335885731	8.022201604011699e-306	var_mpra_hit
419	5.176254863423226	1.374709451014e-312	var_mpra_hit
420	5.208521378224704	1.2275993958e-313	var_mpra_hit
421	5.344917767803513	1.1224e-319	var_mpra_hit
422	5.410198186496851	1.3e-322	var_mpra_hit
423	5.377795238703812	2.72e-321	var_mpra_hit
424	5.23567337180715	3.64339196e-315	var_mpra_hit
425	5.7322594123355355	0	var_mpra_hit
426	5.634831362136205	0	var_mpra_hit
427	5.9533046515436565	0	var_mpra_hit
428	5.1521651494011484	3.473471387372e-311	var_mpra_hit
429	5.485333347531934	0	var_mpra_hit
430	5.606240888019102	0	var_mpra_hit
431	5.212957856762918	4.7286592356e-314	var_mpra_hit
432	5.388508476998426	8.74e-322	var_mpra_hit
433	5.48879459296494	0	var_mpra_hit
434	5.693599101518054	0	var_mpra_hit
435	5.576793236164186	0	var_mpra_hit
436	5.222293544825592	1.633995522e-314	var_mpra_hit
437	5.569139954048706	0	var_mpra_hit
438	5.220489387356701	3.293517256e-314	var_mpra_hit
439	5.477274310215128	0	var_mpra_hit
440	5.029748779316842	9.79269599227105e-306	var_mpra_hit
441	5.300865004292631	8.539124e-318	var_mpra_hit
442	5.355824831239003	3.1423e-320	var_mpra_hit
443	5.388022857633937	1.58e-321	var_mpra_hit
444	5.442118011577799	5e-324	var_mpra_hit
445	5.399913012658277	4.15e-322	var_mpra_hit
446	5.4274451935861405	1e-323	var_mpra_hit
447	5.374348792730814	6.324e-321	var_mpra_hit
448	4.895264011945111	2.0961994276122092e-299	var_mpra_hit
449	5.390370016656479	6.9e-322	var_mpra_hit
450	5.299829296657493	9.389233e-318	var_mpra_hit
451	5.25469840501283	6.8072825e-316	var_mpra_hit
452	5.367661704873182	8.493e-321	var_mpra_hit
453	5.2229472245384745	1.508982454e-314	var_mpra_hit
454	5.573051662187292	0	var_mpra_hit
455	5.670393631205457	0	var_mpra_hit
456	5.657489256920883	0	var_mpra_hit
457	5.312851386162447	2.278023e-318	var_mpra_hit
458	5.320192384013412	1.61824e-318	var_mpra_hit
459	5.484674061983445	0	var_mpra_hit
460	5.336003560293503	1.7531e-319	var_mpra_hit
461	5.160555443920694	1.1914768573616e-311	var_mpra_hit
462	5.386323188805568	1.7e-321	var_mpra_hit
463	4.987447660109455	1.4365846278772846e-303	var_mpra_hit
464	5.21405392591455	4.379139148e-314	var_mpra_hit
465	5.0768173442739855	5.78746676539336e-308	var_mpra_hit
466	5.543436902166914	0	var_mpra_hit
467	5.258643278004877	2.7729083e-316	var_mpra_hit
468	5.18080500313057	2.036222205235e-312	var_mpra_hit
469	5.1028143339523115	7.276762642789463e-309	var_mpra_hit
470	5.45125958188171	0	var_mpra_hit
471	5.452460978970517	0	var_mpra_hit
472	5.316789460033857	9.70943e-319	var_mpra_hit
473	5.828181656302503	0	var_mpra_hit
474	5.174312542327696	2.69967161473e-312	var_mpra_hit
475	5.2770126699453215	5.3913436e-317	var_mpra_hit
476	5.4624624444938155	0	var_mpra_hit
477	5.270438685797278	1.6434306e-316	var_mpra_hit
478	5.238342989140626	6.86936147e-315	var_mpra_hit
479	5.466456929332188	0	var_mpra_hit
480	5.32245856401125	7.7951e-319	var_mpra_hit
481	5.114566452320325	1.08529107606985e-309	var_mpra_hit
482	5.506817306458415	0	var_mpra_hit
483	5.431544376224594	2e-323	var_mpra_hit
484	5.1399440214458885	1.3166404877396e-310	var_mpra_hit
485	5.5000597400044064	0	var_mpra_hit
486	5.32392491413287	6.60526e-319	var_mpra_hit
487	5.359606297597827	1.319e-320	var_mpra_hit
488	5.441109774169946	5e-324	var_mpra_hit
489	4.963471623416998	1.9627750570901438e-302	var_mpra_hit
490	5.496783064810652	0	var_mpra_hit
491	5.3878879633423	1.58e-321	var_mpra_hit
492	5.5252665428380014	0	var_mpra_hit
493	5.272366001238586	1.41857294e-316	var_mpra_hit
494	5.370913215976884	3.88e-321	var_mpra_hit
495	5.1870622174192516	8.81296770966e-313	var_mpra_hit
496	5.2446425973199196	1.35784221e-315	var_mpra_hit
497	5.154848262268893	1.5553720993744e-311	var_mpra_hit
498	5.4163446617649935	1e-322	var_mpra_hit
499	5.0577735262563355	5.638477147873604e-307	var_mpra_hit
500	5.334801459127446	2.00136e-319	var_mpra_hit
501	5.242437737378173	2.604835753e-315	var_mpra_hit
502	5.056963360405976	5.9691334722943305e-307	var_mpra_hit
503	5.485250936850694	0	var_mpra_hit
504	5.113132605069464	2.07279329487019e-309	var_mpra_hit
505	5.5181635886587586	0	var_mpra_hit
506	5.074784340047432	1.1995496114338908e-307	var_mpra_hit
507	5.477521042590883	0	var_mpra_hit
508	5.498186886158893	0	var_mpra_hit
509	4.9546695190081715	3.3163612619799827e-302	var_mpra_hit
510	5.047748669111467	1.9191935466484743e-306	var_mpra_hit
511	5.12587546402885	2.9486559098207e-310	var_mpra_hit
512	5.440510281397216	5e-324	var_mpra_hit
513	5.197120103182047	4.46557104326e-313	var_mpra_hit
514	5.472641218571184	0	var_mpra_hit
515	5.9133635023314515	0	var_mpra_hit
516	5.632348683962831	0	var_mpra_hit
517	5.325631210830923	5.7572e-319	var_mpra_hit
518	5.5073965253631325	0	var_mpra_hit
519	5.081580660911899	4.880851547205566e-308	var_mpra_hit
520	5.556762728878171	0	var_mpra_hit
521	5.2024857549692465	1.6081702749e-313	var_mpra_hit
522	4.8411568898325905	1.1232869531329907e-296	var_mpra_hit
523	5.646278162244864	0	var_mpra_hit
524	5.520402265672273	0	var_mpra_hit
525	5.194185377624615	2.62091122446e-313	var_mpra_hit
526	5.283539416302749	3.9704257e-317	var_mpra_hit
527	5.284015570489957	3.853524e-317	var_mpra_hit
528	5.553842912101496	0	var_mpra_hit
529	5.7936149927615626	0	var_mpra_hit
530	5.29335157538689	1.2887905e-317	var_mpra_hit
531	5.248123594498713	2.035334885e-315	var_mpra_hit
532	5.461340704083524	0	var_mpra_hit
533	5.386188294383978	1.714e-321	var_mpra_hit
534	5.08585798779031	3.358535824377093e-308	var_mpra_hit
535	5.046838930060733	2.0065179100831983e-306	var_mpra_hit
536	5.445224469330179	0	var_mpra_hit
537	5.333946631108568	2.2305e-319	var_mpra_hit
538	5.484536710799171	0	var_mpra_hit
539	5.299006041403165	1.02816e-317	var_mpra_hit
540	5.280550222897851	5.3763334e-317	var_mpra_hit
541	5.719547509817088	0	var_mpra_hit
542	5.579334151997371	0	var_mpra_hit
543	5.235201814599105	3.817348193e-315	var_mpra_hit
544	5.085145100924753	3.46043723313915e-308	var_mpra_hit
545	5.097381264113478	9.30255753510383e-309	var_mpra_hit
546	5.230983990883664	9.474196817e-315	var_mpra_hit
547	4.972380608215043	6.081628607552603e-303	var_mpra_hit
548	4.981397062406687	1.9977213812708238e-303	var_mpra_hit
549	5.364222083166316	1.2203e-320	var_mpra_hit
550	5.2807089412717385	5.268863e-317	var_mpra_hit
551	5.283089714996068	4.1056564e-317	var_mpra_hit
552	5.347942329515722	4.73e-320	var_mpra_hit
553	5.48645962648956	0	var_mpra_hit
554	5.304343914880685	3.85848e-318	var_mpra_hit
555	5.434916560123383	5e-324	var_mpra_hit
556	5.567830307317729	0	var_mpra_hit
557	5.200870852093233	1.8240519399e-313	var_mpra_hit
558	5.817901173175399	0	var_mpra_hit
559	5.453116286148602	0	var_mpra_hit
560	5.147437328699425	2.538195991415e-311	var_mpra_hit
561	5.91291940758603	0	var_mpra_hit
562	5.738757513895673	0	var_mpra_hit
563	5.238001759631659	6.927578775e-315	var_mpra_hit
564	5.6669017604042	0	var_mpra_hit
565	5.380137741069346	2.2e-321	var_mpra_hit
566	5.1244902128373555	5.7320927309426e-310	var_mpra_hit
567	5.048557325508938	1.0903870831998256e-306	var_mpra_hit
568	5.509934053794994	0	var_mpra_hit
569	5.305831080505405	3.24743e-318	var_mpra_hit
570	5.454809161963169	0	var_mpra_hit
571	5.70417492558995	0	var_mpra_hit
572	5.473792638845616	0	var_mpra_hit
573	5.5435201550116435	0	var_mpra_hit
574	5.1429825494561205	6.0448271031887e-311	var_mpra_hit
575	5.282031593776982	4.52475e-317	var_mpra_hit
576	5.01978087839831	3.239713713748201e-305	var_mpra_hit
577	5.413963208829445	5e-323	var_mpra_hit
578	5.242542730780104	2.586204074e-315	var_mpra_hit
579	5.391638020804696	6.2e-322	var_mpra_hit
580	5.18080500313057	2.036222205235e-312	var_mpra_hit
581	5.507589598293549	0	var_mpra_hit
582	5.4084646483829415	1.53e-322	var_mpra_hit
583	4.891565326131874	5.206977235199532e-299	var_mpra_hit
584	5.067404526818304	1.747995430765793e-307	var_mpra_hit
585	5.587052024942461	0	var_mpra_hit
586	5.306123202165335	3.15424e-318	var_mpra_hit
587	5.182309941030195	1.00966462732e-312	var_mpra_hit
588	5.656384388178163	0	var_mpra_hit
589	5.1951212647323555	2.36697945513e-313	var_mpra_hit
590	5.451095754946262	0	var_mpra_hit
591	5.660038951957949	0	var_mpra_hit
592	5.7426387342585015	0	var_mpra_hit
593	5.35274065036994	4.213e-320	var_mpra_hit
594	5.358318990839078	1.5435e-320	var_mpra_hit
595	5.753955053254208	0	var_mpra_hit
596	5.344864235689259	1.1241e-319	var_mpra_hit
597	5.553564834096466	0	var_mpra_hit
598	5.368118529116667	8.26e-321	var_mpra_hit
599	5.530165274521075	0	var_mpra_hit
600	5.332824668674408	4.22317e-319	var_mpra_hit
601	5.290754114030739	2.873272e-317	var_mpra_hit
602	5.361266152804561	2.5346e-320	var_mpra_hit
603	5.465663504933551	0	var_mpra_hit
604	5.612922231095607	0	var_mpra_hit
605	5.4327953483948015	2e-323	var_mpra_hit
606	5.537081924952311	0	var_mpra_hit
607	5.561895089419211	0	var_mpra_hit
608	5.122104499209061	6.6635248517752e-310	var_mpra_hit
609	5.601754899821866	0	var_mpra_hit
610	5.589290401598863	0	var_mpra_hit
611	5.302883304466827	7.65503e-318	var_mpra_hit
612	5.33504187942944	1.9451e-319	var_mpra_hit
613	5.358318990839078	1.5435e-320	var_mpra_hit
614	5.083031898345804	4.102303996934416e-308	var_mpra_hit
615	5.017443780416569	4.0937270689885167e-305	var_mpra_hit
616	5.144064057848661	5.3472142043036e-311	var_mpra_hit
617	5.506679397170292	0	var_mpra_hit
618	5.826635001863459	0	var_mpra_hit
619	5.456142386194455	0	var_mpra_hit
620	5.310908954372036	2.76564e-318	var_mpra_hit
621	5.274821344920946	6.820678e-317	var_mpra_hit
622	5.32312508695379	7.1964e-319	var_mpra_hit
623	5.658934084461884	0	var_mpra_hit
624	5.366694311959184	9.19e-321	var_mpra_hit
625	5.327844061754998	2.92447e-319	var_mpra_hit
626	5.187296190379894	8.5366299908e-313	var_mpra_hit
627	5.266953833689094	1.79389105e-316	var_mpra_hit
628	5.5291682769653345	0	var_mpra_hit
629	5.222659605499518	1.561408223e-314	var_mpra_hit
630	5.3592576521129835	1.373e-320	var_mpra_hit
631	5.302325616509884	7.803584e-318	var_mpra_hit
632	5.432876933506679	2e-323	var_mpra_hit
633	5.18101258086389	2.02776347249e-312	var_mpra_hit
634	5.2651620177326395	2.0125455e-316	var_mpra_hit
635	5.385324969841954	1.83e-321	var_mpra_hit
636	5.752629758205464	0	var_mpra_hit
637	5.273580472781825	1.359647e-316	var_mpra_hit
638	5.428253771443997	2.5e-323	var_mpra_hit
639	5.376152792642382	3.355e-321	var_mpra_hit
640	5.552702792041504	0	var_mpra_hit
641	5.194211374496744	2.6129183234e-313	var_mpra_hit
642	5.192807542746384	3.12927390185e-313	var_mpra_hit
643	5.280285692239854	5.564775e-317	var_mpra_hit
644	4.964167529112416	1.0817124580397894e-302	var_mpra_hit
645	5.313756079640734	2.14206e-318	var_mpra_hit
646	5.212905662973855	4.7495459684e-314	var_mpra_hit
647	5.366318103457624	9.535e-321	var_mpra_hit
648	5.198943385080318	2.27945988185e-313	var_mpra_hit
649	5.493452425804208	0	var_mpra_hit
650	5.3563343910224335	3.058e-320	var_mpra_hit
651	5.221535276005754	1.8065990463e-314	var_mpra_hit
652	4.903504534342815	7.462306811218986e-300	var_mpra_hit
653	5.729419198986921	0	var_mpra_hit
654	5.476616357057122	0	var_mpra_hit
655	4.935332032255315	3.3971873971108553e-301	var_mpra_hit
656	5.73205858927924	0	var_mpra_hit
657	4.927196231825914	1.0255317220914671e-300	var_mpra_hit
658	4.985488070956089	8.567061070192121e-304	var_mpra_hit
659	5.453416635195229	0	var_mpra_hit
660	5.284491724535688	3.7627343e-317	var_mpra_hit
661	5.2296217099342055	1.0591945307e-314	var_mpra_hit
662	5.1434975535559	5.6862014516033e-311	var_mpra_hit
663	5.295259911686313	1.077067e-317	var_mpra_hit
664	5.09276429454818	1.334480248134389e-308	var_mpra_hit
665	5.431136450332451	2e-323	var_mpra_hit
666	5.59060544678095	0	var_mpra_hit
667	5.552591560782243	0	var_mpra_hit
668	5.314447903730518	2.073337e-318	var_mpra_hit
669	5.683295006159165	0	var_mpra_hit
670	5.302166277058669	7.859087e-318	var_mpra_hit
671	5.57268867331213	0	var_mpra_hit
672	5.534679451708743	0	var_mpra_hit
673	5.283909758460577	3.877214e-317	var_mpra_hit
674	5.27233959967297	1.4205337e-316	var_mpra_hit
675	5.615787967498199	0	var_mpra_hit
676	5.279386287676712	1.0548645e-316	var_mpra_hit
677	5.419547267152357	4.4e-323	var_mpra_hit
678	5.375318106347463	6.08e-321	var_mpra_hit
679	4.898915749248569	1.859902635988946e-299	var_mpra_hit
680	5.121771012031158	6.88428099673084e-310	var_mpra_hit
681	5.0265765117330155	2.356293418000961e-305	var_mpra_hit
682	6.156642232935508	0	var_mpra_hit
683	5.250937616790127	9.83013923e-316	var_mpra_hit
684	5.375129628741854	6.11e-321	var_mpra_hit
685	5.091718459473615	2.599519146639904e-308	var_mpra_hit
686	4.942383068925176	2.361578861011653e-301	var_mpra_hit
687	5.420822879591449	3.5e-323	var_mpra_hit
688	4.944314587681473	1.1405734116777522e-301	var_mpra_hit
689	5.77762875731918	0	var_mpra_hit
690	5.36427582730805	1.2114e-320	var_mpra_hit
691	5.691774565085819	0	var_mpra_hit
692	5.185864701989371	7.3617696025e-313	var_mpra_hit
693	4.962502325527085	2.0350012566438255e-302	var_mpra_hit
694	5.478370898307493	0	var_mpra_hit
695	5.333171942841136	4.1905e-319	var_mpra_hit
696	5.432469007910939	2e-323	var_mpra_hit
697	5.689208808319662	0	var_mpra_hit
698	5.557958462167209	0	var_mpra_hit
699	5.084737736831299	3.543499078341384e-308	var_mpra_hit
700	5.902537157465846	0	var_mpra_hit
701	5.090034918388575	2.7868334614262816e-308	var_mpra_hit
702	5.233918130351383	4.42846691e-315	var_mpra_hit
703	4.97985045804521	2.4132555130405506e-303	var_mpra_hit
704	5.410171099976672	1.3e-322	var_mpra_hit
705	5.346389900284008	5.663e-320	var_mpra_hit
706	5.468809841105289	0	var_mpra_hit
707	5.323071765128198	7.24053e-319	var_mpra_hit
708	5.500141223998263	0	var_mpra_hit
709	5.75231283971902	0	var_mpra_hit
710	5.320885568810222	1.58032e-318	var_mpra_hit
711	5.216089480787706	2.2441209595e-314	var_mpra_hit
712	5.532602377575807	0	var_mpra_hit
713	5.402048584359286	2e-322	var_mpra_hit
714	5.1733284319785	2.8721028297e-312	var_mpra_hit
715	5.21572412498813	2.35908174e-314	var_mpra_hit
716	5.093376490314382	1.2370334682368233e-308	var_mpra_hit
717	5.05564683982739	6.781387685748464e-307	var_mpra_hit
718	5.2379230143496915	6.944426606e-315	var_mpra_hit
719	5.734583220770751	0	var_mpra_hit
720	5.397426014537093	4.84e-322	var_mpra_hit
721	5.191819660343801	5.658500055e-313	var_mpra_hit
722	5.295100883747381	1.0899113e-317	var_mpra_hit
723	5.6689741721735185	0	var_mpra_hit
724	5.243671409400235	2.43929701e-315	var_mpra_hit
725	5.204986246290016	7.787199456e-314	var_mpra_hit
726	4.983492458742024	1.686122002235798e-303	var_mpra_hit
727	5.588786767057435	0	var_mpra_hit
728	5.115769858680393	9.35160135447007e-310	var_mpra_hit
729	5.8558505078554415	0	var_mpra_hit
730	5.856348744660278	0	var_mpra_hit
731	5.304715706413872	3.68307e-318	var_mpra_hit
732	5.507755089361672	0	var_mpra_hit
733	5.260050060989087	5.4293578e-316	var_mpra_hit
734	5.609438389569449	0	var_mpra_hit
735	5.316470157097525	1.009845e-318	var_mpra_hit
736	4.984215868546701	1.636809575817338e-303	var_mpra_hit
737	5.356388028885552	3.05e-320	var_mpra_hit
738	5.451396104316976	0	var_mpra_hit
739	5.432033887175442	2e-323	var_mpra_hit
740	5.7793937009756	0	var_mpra_hit
741	5.3459616436941495	5.989e-320	var_mpra_hit
742	5.49777399763203	0	var_mpra_hit
743	5.345372790706571	1.1118e-319	var_mpra_hit
744	5.209878420107477	6.7264481455e-314	var_mpra_hit
745	4.99044660575414	6.8811060106929704e-304	var_mpra_hit
746	5.244432610794486	2.393226217e-315	var_mpra_hit
747	5.92699505290259	0	var_mpra_hit
748	5.435351680174352	5e-324	var_mpra_hit
749	5.328297295918215	2.7557e-319	var_mpra_hit
750	5.429124014604151	2.5e-323	var_mpra_hit
751	5.347995861532831	4.7045e-320	var_mpra_hit
752	5.702060866180406	0	var_mpra_hit
753	5.251621397141634	9.0112024e-316	var_mpra_hit
754	5.517279172354647	0	var_mpra_hit
755	5.366855544149082	9.066e-321	var_mpra_hit
756	5.149611027650969	4.160286348582e-311	var_mpra_hit
757	5.201808537847227	1.68207357244e-313	var_mpra_hit
758	5.481734744508228	0	var_mpra_hit
759	5.556178765855489	0	var_mpra_hit
760	5.35799716399807	1.611e-320	var_mpra_hit
761	5.346925220869288	5.299e-320	var_mpra_hit
762	5.370429520497746	4.12e-321	var_mpra_hit
763	5.252515570995186	8.13602755e-316	var_mpra_hit
764	5.363657769577499	2.2707e-320	var_mpra_hit
765	5.184204084806969	8.2292075147e-313	var_mpra_hit
766	5.453225503989318	0	var_mpra_hit
767	5.620898023103098	0	var_mpra_hit
768	5.134297219709911	1.70339401520535e-310	var_mpra_hit
769	5.019378797333065	3.341774623424062e-305	var_mpra_hit
770	5.660832189826793	0	var_mpra_hit
771	5.02826335341588	1.1489292008910243e-305	var_mpra_hit
772	5.382534090808703	1.11e-321	var_mpra_hit
773	5.653296418830899	0	var_mpra_hit
774	5.793267049894994	0	var_mpra_hit
775	5.357138958792885	2.9693e-320	var_mpra_hit
776	5.055039214497655	7.282661763559482e-307	var_mpra_hit
777	5.338354333420882	1.4802e-319	var_mpra_hit
778	5.451204972904816	0	var_mpra_hit
779	5.3451051301901265	1.11723e-319	var_mpra_hit
780	5.654004669053436	0	var_mpra_hit
781	5.598558627489165	0	var_mpra_hit
782	5.541300077984266	0	var_mpra_hit
783	5.495131508989159	0	var_mpra_hit
784	4.8203163366480135	1.3619891931988885e-295	var_mpra_hit
785	5.214314894642281	4.320065147e-314	var_mpra_hit
786	5.087283760383272	1.729703434423459e-308	var_mpra_hit
787	5.575676349108711	0	var_mpra_hit
788	5.408058350145911	1.6e-322	var_mpra_hit
789	5.270623496968269	1.61432047e-316	var_mpra_hit
790	5.566715713702844	0	var_mpra_hit
791	5.47658894233728	0	var_mpra_hit
792	5.434318269884504	5e-324	var_mpra_hit
793	5.41000858084702	1.3e-322	var_mpra_hit
794	5.115821067438295	9.2978627381449e-310	var_mpra_hit
795	5.097406772188801	9.29906030452792e-309	var_mpra_hit
796	5.397615242777049	4.8e-322	var_mpra_hit
797	5.174105361257085	2.729103434013e-312	var_mpra_hit
798	5.221169215060552	3.2383048864e-314	var_mpra_hit
799	5.332343827402181	4.29294e-319	var_mpra_hit
800	5.258785244388707	6.02221863e-316	var_mpra_hit
801	5.685457101077701	0	var_mpra_hit
802	5.350083608881072	3.998e-320	var_mpra_hit
803	5.058634326921481	5.4169391079277615e-307	var_mpra_hit
804	5.494801197657066	0	var_mpra_hit
805	5.66982584769849	0	var_mpra_hit
806	5.1689258248718835	7.51074544513e-312	var_mpra_hit
807	5.337232373929766	1.57805e-319	var_mpra_hit
808	5.56326046968827	0	var_mpra_hit
809	5.254093523603376	7.0699561e-316	var_mpra_hit
810	5.576877002669362	0	var_mpra_hit
811	5.255566277929103	6.56081174e-316	var_mpra_hit
812	5.378091417337428	2.633e-321	var_mpra_hit
813	4.821862999544367	1.245622184594941e-295	var_mpra_hit
814	5.293060023809612	1.3330346e-317	var_mpra_hit
815	5.429368770418677	2.5e-323	var_mpra_hit
816	5.757469962766942	0	var_mpra_hit
817	5.461997332697051	0	var_mpra_hit
818	4.964913141910281	9.804282940138585e-303	var_mpra_hit
819	5.730394626170127	0	var_mpra_hit
820	5.408545908019345	1.53e-322	var_mpra_hit
821	5.807402984551295	0	var_mpra_hit
822	5.577435445951563	0	var_mpra_hit
823	5.588199193274363	0	var_mpra_hit
824	5.407679138375275	1.6e-322	var_mpra_hit
825	5.4533347218236425	0	var_mpra_hit
826	5.2941467157852395	1.1848075e-317	var_mpra_hit
827	5.121668400575685	6.95708321409354e-310	var_mpra_hit
828	5.745427459156992	0	var_mpra_hit
829	5.274583731182175	7.0318323e-317	var_mpra_hit
830	5.565991227531644	0	var_mpra_hit
831	5.3212321611006175	1.5697e-318	var_mpra_hit
832	5.791063410640319	0	var_mpra_hit
833	5.39577702473896	5.83e-322	var_mpra_hit
834	5.697903861513321	0	var_mpra_hit
835	5.485525639107826	0	var_mpra_hit
836	5.122386680604741	6.4951913387612e-310	var_mpra_hit
837	5.142004041149119	6.870813879636e-311	var_mpra_hit
838	5.377499060019981	2.82e-321	var_mpra_hit
839	5.2927684721798105	1.380746e-317	var_mpra_hit
840	5.863870751335434	0	var_mpra_hit
841	5.204491357716236	8.313368701e-314	var_mpra_hit
842	5.55342579507985	0	var_mpra_hit
843	5.4009672825525445	2.27e-322	var_mpra_hit
844	5.517030430198353	0	var_mpra_hit
845	5.3240582186253675	6.5194e-319	var_mpra_hit
846	5.374187240409147	6.39e-321	var_mpra_hit
847	5.5054106312668605	0	var_mpra_hit
848	5.4737103945632954	0	var_mpra_hit
849	5.34606870785175	5.904e-320	var_mpra_hit
850	5.354027961320094	3.6427e-320	var_mpra_hit
851	4.714146054322364	1.8386622038012637e-290	var_mpra_hit
852	5.804293856899718	0	var_mpra_hit
853	5.325844497795176	5.68754e-319	var_mpra_hit
854	5.752485704353026	0	var_mpra_hit
855	5.057140584228692	5.886297728398562e-307	var_mpra_hit
856	5.3742410911846825	6.36e-321	var_mpra_hit
857	5.499342973568458	0	var_mpra_hit
858	5.599343677276188	0	var_mpra_hit
859	5.26358100195696	2.3689112e-316	var_mpra_hit
860	5.778930765053729	0	var_mpra_hit
861	5.222345839212998	1.6232132747e-314	var_mpra_hit
862	5.0090721125930555	1.1392893877415113e-304	var_mpra_hit
863	4.754043071709581	2.7100422401695284e-292	var_mpra_hit
864	5.276854261008962	5.466015e-317	var_mpra_hit
865	5.317348240023463	9.1006e-319	var_mpra_hit
866	5.815629846042663	0	var_mpra_hit
867	5.301316466389961	8.256316e-318	var_mpra_hit
868	5.935066027974492	0	var_mpra_hit
869	5.2041267028723235	8.7420588343e-314	var_mpra_hit
870	5.530968411081493	0	var_mpra_hit
871	5.172551502283446	3.06914170566e-312	var_mpra_hit
872	5.376179718000082	3.35e-321	var_mpra_hit
873	5.327897383427676	2.90367e-319	var_mpra_hit
874	5.550978706846009	0	var_mpra_hit
875	5.349387693384255	4.174e-320	var_mpra_hit
876	5.479522315125616	0	var_mpra_hit
877	5.356146658488271	3.0854e-320	var_mpra_hit
878	5.577547134590148	0	var_mpra_hit
879	5.515372148362873	0	var_mpra_hit
880	5.327044236459607	5.435e-319	var_mpra_hit
881	5.253173051442737	7.62172587e-316	var_mpra_hit
882	5.3979666665979185	4.64e-322	var_mpra_hit
883	5.50701037944558	0	var_mpra_hit
884	5.055722792973749	6.72461166921032e-307	var_mpra_hit
885	5.361510437068313	1.106e-320	var_mpra_hit
886	5.093401998465296	1.233307796425758e-308	var_mpra_hit
887	5.356924407424395	2.987e-320	var_mpra_hit
888	5.240180377511163	3.231659447e-315	var_mpra_hit
889	5.44029228397727	5e-324	var_mpra_hit
890	5.530940716722682	0	var_mpra_hit
891	5.322378581240226	7.87383e-319	var_mpra_hit
892	5.152500538786035	3.43774925041e-311	var_mpra_hit
893	5.279545006165622	1.0520635e-316	var_mpra_hit
894	5.765261568768142	0	var_mpra_hit
895	5.2588906458108164	5.9620474e-316	var_mpra_hit
896	5.644751529086221	0	var_mpra_hit
897	5.237949262777453	6.93866769e-315	var_mpra_hit
898	5.243697657730434	2.43701159e-315	var_mpra_hit
899	5.46807113656226	0	var_mpra_hit
900	5.119616169874978	8.94626465144426e-310	var_mpra_hit
901	4.814631412788817	1.8836480386027208e-295	var_mpra_hit
902	5.1726032976094105	3.05424654868e-312	var_mpra_hit
903	5.304158019082366	3.952263e-318	var_mpra_hit
904	5.283936211468577	3.871171e-317	var_mpra_hit
905	5.45469994421491	0	var_mpra_hit
906	5.577547134590148	0	var_mpra_hit
907	5.315325987734155	2.02798e-318	var_mpra_hit
908	5.669712290980179	0	var_mpra_hit
909	4.947707119401812	8.681641474260103e-302	var_mpra_hit
910	5.220437092905336	3.2996472795e-314	var_mpra_hit
911	5.504776248009006	0	var_mpra_hit
912	5.162287283242932	1.020320486346e-311	var_mpra_hit
913	5.002333597324806	1.6783410979259567e-304	var_mpra_hit
914	5.188362066732469	7.45864324785e-313	var_mpra_hit
915	5.891726317181202	0	var_mpra_hit
916	5.1635796992881975	9.557695971e-312	var_mpra_hit
917	5.407706224932962	1.6e-322	var_mpra_hit
918	5.172758683576171	3.011097303876e-312	var_mpra_hit
919	5.831012323409818	0	var_mpra_hit
920	5.171178925471648	3.562770813594e-312	var_mpra_hit
921	5.69528109477924	0	var_mpra_hit
922	5.5539819510898765	0	var_mpra_hit
923	5.273527669690562	1.36096064e-316	var_mpra_hit
924	5.5198771441298	0	var_mpra_hit
925	5.2696466376783855	1.7880532e-316	var_mpra_hit
926	5.51134072575517	0	var_mpra_hit
927	5.370590752339186	4.046e-321	var_mpra_hit
928	5.144167058604735	5.291539356509e-311	var_mpra_hit
929	5.347808499465525	4.7964e-320	var_mpra_hit
930	5.191663678851391	5.69137344223e-313	var_mpra_hit
931	5.245088818591607	1.27780976e-315	var_mpra_hit
932	5.517666104536034	0	var_mpra_hit
933	5.762951806948977	0	var_mpra_hit
934	4.997801844450978	4.19987224881845e-304	var_mpra_hit
935	5.578356877041748	0	var_mpra_hit
936	5.0646651025108875	2.423981060531802e-307	var_mpra_hit
937	4.929441465071366	4.723511932872965e-301	var_mpra_hit
938	5.151442771996401	3.5915481115167e-311	var_mpra_hit
939	5.271283536689328	1.52386184e-316	var_mpra_hit
940	4.998202442055851	4.0597509164001975e-304	var_mpra_hit
941	5.643507605001428	0	var_mpra_hit
942	5.389344821145991	7.8e-322	var_mpra_hit
943	5.039047353002131	3.248421583634357e-306	var_mpra_hit
944	5.679340643110459	0	var_mpra_hit
945	5.504914157430257	0	var_mpra_hit
946	5.405105913536957	3.36e-322	var_mpra_hit
947	5.600128726775368	0	var_mpra_hit
948	5.650971139126033	0	var_mpra_hit
949	5.433012908685082	5e-324	var_mpra_hit
950	5.469329670054718	0	var_mpra_hit
951	5.442063512272483	5e-324	var_mpra_hit
952	5.16153768140422	1.0817876803746e-311	var_mpra_hit
953	5.424703992776702	2.5e-323	var_mpra_hit
954	5.469844909304701	0	var_mpra_hit
955	5.633928570395555	0	var_mpra_hit
956	5.346630794568306	5.4935e-320	var_mpra_hit
957	5.358077620713983	1.5943e-320	var_mpra_hit
958	5.541272327006064	0	var_mpra_hit
959	5.233472770258571	4.69195781e-315	var_mpra_hit
960	5.22231969201951	1.6285869486e-314	var_mpra_hit
961	5.12197623491935	6.74559389095915e-310	var_mpra_hit
962	5.4521333252954625	0	var_mpra_hit
963	5.271732363543113	1.4739163e-316	var_mpra_hit
964	5.106034412295799	2.934169888878705e-309	var_mpra_hit
965	5.058482420962988	5.446638939570331e-307	var_mpra_hit
966	5.275534185923781	6.2571453e-317	var_mpra_hit
967	5.074555626877333	1.210150083996472e-307	var_mpra_hit
968	5.485086115477635	0	var_mpra_hit
969	5.315618682298085	1.129325e-318	var_mpra_hit
970	5.419574407851885	4.4e-323	var_mpra_hit
971	5.496370175986401	0	var_mpra_hit
972	5.018197683463673	3.7464180549574946e-305	var_mpra_hit
973	4.950650565651203	7.809128389018727e-302	var_mpra_hit
974	5.667015317262103	0	var_mpra_hit
975	5.445605963782413	0	var_mpra_hit
976	5.672664763821598	0	var_mpra_hit
977	5.331195150473664	4.5786e-319	var_mpra_hit
978	5.714795167592447	0	var_mpra_hit
979	5.404943393950131	3.36e-322	var_mpra_hit
980	5.472421900345054	0	var_mpra_hit
981	5.315192944733363	2.03191e-318	var_mpra_hit
982	5.421799943832495	3.5e-323	var_mpra_hit
983	5.377122105258818	2.955e-321	var_mpra_hit
984	5.19387341512337	2.72123010105e-313	var_mpra_hit
985	5.133063551542068	1.8887740738053e-310	var_mpra_hit
986	5.366613695858593	9.264e-321	var_mpra_hit
987	5.387483280405478	1.6e-321	var_mpra_hit
988	5.7675713284546815	0	var_mpra_hit
989	5.294014192412643	1.2005044e-317	var_mpra_hit
990	5.596399739091688	0	var_mpra_hit
991	5.082369930588131	4.41961678164596e-308	var_mpra_hit
992	5.509961635607794	0	var_mpra_hit
993	5.195303242712092	2.32534668755e-313	var_mpra_hit
994	5.633900358147714	0	var_mpra_hit
995	5.384920286317601	1.89e-321	var_mpra_hit
996	5.463201151230133	0	var_mpra_hit
997	5.38966856716112	7.56e-322	var_mpra_hit
998	5.282084499854524	4.500268e-317	var_mpra_hit
999	5.217211644472845	1.9481303783e-314	var_mpra_hit
1000	4.970612748372583	7.159370248448587e-303	var_mpra_hit
